AES,20150310,12.12,12.22,12.08,12.12,10507900
AES,20150309,12.26,12.32,12.12,12.19,7375300
AES,20150306,12.52,12.68,12.19,12.23,7867300
AES,20150305,12.78,12.83,12.67,12.70,6003200
AES,20150304,12.92,13.00,12.71,12.75,7057900
AES,20150303,12.65,13.02,12.65,13.00,9570200
AES,20150302,12.91,12.91,12.55,12.65,8969000
AES,20150227,12.68,13.01,12.57,12.97,13541900
AES,20150226,12.12,12.74,12.12,12.63,11809400
AES,20150225,12.11,12.17,11.87,12.00,9024400
AES,20150224,11.87,12.15,11.85,12.12,6940600
AES,20150223,11.90,11.97,11.77,11.92,3463700
AES,20150220,11.86,11.90,11.64,11.89,5632400
AES,20150219,11.79,11.97,11.77,11.85,4350600
AES,20150218,11.63,11.89,11.58,11.83,5922600
AES,20150217,11.85,11.85,11.54,11.64,5690200
AES,20150213,11.84,12.04,11.73,11.86,4336600
AES,20150212,12.00,12.04,11.83,11.86,4403100
AES,20150211,12.05,12.10,11.81,11.93,9966500
AES,20150210,11.74,12.20,11.53,12.16,11226000
AES,20150209,12.05,12.16,11.80,11.85,7783500
AES,20150206,12.60,12.65,12.02,12.07,7073000
AES,20150205,12.58,12.70,12.51,12.67,3305000
AES,20150204,12.41,12.69,12.39,12.52,5828300
AES,20150203,12.35,12.72,12.35,12.48,8190100
AES,20150202,12.24,12.37,12.18,12.36,5405000
AES,20150130,12.22,12.44,12.17,12.22,6475000
AES,20150129,12.28,12.48,12.23,12.44,5447100
AES,20150128,12.74,12.82,12.30,12.32,5554400
AES,20150127,12.64,12.79,12.55,12.73,3538500
AES,20150126,12.67,12.73,12.48,12.73,4682200
AES,20150123,12.93,13.01,12.68,12.68,7662200
AES,20150122,13.26,13.31,12.84,12.92,4864700
AES,20150121,12.97,13.22,12.89,13.20,5309500
AES,20150120,13.44,13.49,12.93,13.09,6672500
AES,20150116,13.14,13.39,13.13,13.37,6423000
AES,20150115,13.15,13.38,13.08,13.10,7513500
AES,20150114,12.92,13.17,12.82,13.14,4677000
AES,20150113,12.97,13.18,12.90,13.02,6227800
AES,20150112,12.87,12.95,12.55,12.88,9183300
AES,20150109,13.26,13.30,12.87,12.90,5302400
AES,20150108,13.15,13.37,13.09,13.23,6674400
AES,20150107,13.11,13.13,12.93,13.03,4932000
AES,20150106,13.31,13.46,12.95,13.01,7171200
AES,20150105,13.67,13.70,13.24,13.31,5411400
AES,20150102,13.86,13.87,13.51,13.70,5228700
AES,20141231,14.03,14.03,13.75,13.77,3758600
AES,20141230,14.34,14.36,13.93,14.02,4318100
AES,20141229,14.22,14.49,14.19,14.37,3447400
AES,20141226,13.86,14.29,13.86,14.22,4212300
AES,20141224,13.66,13.85,13.62,13.81,2828400
AES,20141223,13.72,13.93,13.64,13.65,5016900
AES,20141222,13.50,13.68,13.38,13.66,4936900
AES,20141219,13.25,13.60,13.23,13.50,8470300
AES,20141218,13.25,13.31,13.03,13.21,7685200
AES,20141217,12.85,13.17,12.85,13.13,10045600
AES,20141216,13.01,13.29,12.78,12.79,8188200
AES,20141215,13.70,13.72,12.88,13.01,9109000
AES,20141212,13.14,13.46,13.10,13.29,5028400
AES,20141211,13.37,13.47,13.16,13.21,5694100
AES,20141210,13.83,13.86,13.30,13.36,6243700
AES,20141209,13.47,13.87,13.47,13.86,5716300
AES,20141208,13.65,13.74,13.48,13.60,7063500
AES,20141205,13.62,13.78,13.56,13.68,5064700
AES,20141204,13.82,13.87,13.61,13.74,3588100
AES,20141203,13.81,14.00,13.47,13.81,10515900
AES,20141202,13.51,13.91,13.40,13.84,6607700
AES,20141201,13.80,13.89,13.65,13.65,4832800
AES,20141128,13.79,13.90,13.78,13.87,2976500
AES,20141126,13.90,13.98,13.79,13.82,3397000
AES,20141125,14.03,14.05,13.85,13.92,6541500
AES,20141124,14.14,14.18,14.03,14.08,4227300
AES,20141121,14.07,14.12,13.94,14.10,3721700
AES,20141120,13.86,13.95,13.82,13.93,5416700
AES,20141119,13.68,13.92,13.54,13.92,5654900
AES,20141118,13.75,13.92,13.72,13.74,5609900
AES,20141117,13.43,13.76,13.34,13.76,6114000
AES,20141114,13.65,13.68,13.47,13.47,5097700
AES,20141113,13.48,13.77,13.46,13.69,8959100
AES,20141112,13.37,13.75,13.26,13.44,12079400
AES,20141111,13.62,13.65,13.47,13.49,5532900
AES,20141110,13.42,13.64,13.41,13.63,4698900
AES,20141107,13.09,13.47,13.04,13.46,7497000
AES,20141106,13.54,13.54,13.01,13.06,11404800
AES,20141105,13.89,13.99,13.73,13.95,14820700
AES,20141104,14.11,14.14,13.69,13.76,4371600
AES,20141103,14.15,14.25,14.06,14.12,4977600
AES,20141031,14.07,14.09,13.90,14.07,3945700
AES,20141030,13.40,13.97,13.39,13.95,4384000
AES,20141029,13.67,13.69,13.25,13.41,4776100
AES,20141028,13.43,13.60,13.35,13.60,4499500
AES,20141027,13.71,13.72,13.33,13.42,5125800
AES,20141024,13.59,13.76,13.49,13.73,4252000
AES,20141023,13.83,13.85,13.58,13.59,3982500
AES,20141022,13.48,13.71,13.45,13.63,5524600
AES,20141021,13.44,13.59,13.40,13.51,4427500
AES,20141020,13.30,13.41,13.14,13.36,5166900
AES,20141017,13.01,13.34,12.94,13.29,11090900
AES,20141016,12.70,13.10,12.59,12.98,8196700
AES,20141015,13.06,13.14,12.38,12.84,7362500
AES,20141014,13.20,13.52,13.13,13.21,6423300
AES,20141013,13.21,13.42,13.10,13.14,5525400
AES,20141010,13.52,13.69,13.22,13.25,7317800
AES,20141009,13.99,14.06,13.42,13.47,6476400
AES,20141008,14.22,14.32,13.81,14.04,7524600
AES,20141007,14.25,14.45,14.15,14.24,3847000
AES,20141006,14.21,14.38,14.18,14.30,3192900
AES,20141003,14.16,14.20,14.03,14.14,3760000
AES,20141002,14.20,14.32,13.98,14.14,4880200
AES,20141001,14.19,14.40,14.13,14.20,4295400
AES,20140930,14.25,14.34,14.05,14.18,3619200
AES,20140929,14.15,14.26,14.07,14.21,2456800
AES,20140926,14.15,14.29,14.10,14.22,2715900
AES,20140925,14.40,14.47,14.15,14.15,3789800
AES,20140924,14.51,14.53,14.39,14.46,2328300
AES,20140923,14.52,14.56,14.42,14.51,2833700
AES,20140922,14.65,14.68,14.50,14.55,2966800
AES,20140919,14.56,14.73,14.49,14.70,4797600
AES,20140918,14.44,14.58,14.39,14.47,2682600
AES,20140917,14.60,14.67,14.39,14.47,2931700
AES,20140916,14.40,14.63,14.35,14.57,2893700
AES,20140915,14.42,14.50,14.33,14.40,2658200
AES,20140912,14.47,14.55,14.35,14.41,3701700
AES,20140911,14.48,14.57,14.44,14.52,4485200
AES,20140910,14.75,14.81,14.45,14.48,4106300
AES,20140909,14.89,14.90,14.72,14.74,3120000
AES,20140908,14.84,15.02,14.82,14.94,3945100
AES,20140905,14.68,14.89,14.62,14.89,3000000
AES,20140904,14.57,14.71,14.48,14.68,4481800
AES,20140903,14.96,14.99,14.52,14.56,6911300
AES,20140902,15.17,15.21,14.87,14.95,3803700
AES,20140829,15.10,15.20,15.03,15.18,1828500
AES,20140828,14.99,15.11,14.95,15.10,1851500
AES,20140827,15.06,15.10,14.97,15.04,2335700
AES,20140826,15.18,15.18,15.02,15.03,2702300
AES,20140825,15.12,15.17,14.99,15.16,1898400
AES,20140822,15.03,15.09,14.88,15.02,2929500
AES,20140821,15.06,15.21,15.03,15.07,2241100
AES,20140820,14.85,15.08,14.79,15.05,4216100
AES,20140819,14.81,14.92,14.75,14.90,2418400
AES,20140818,14.86,14.99,14.73,14.75,2504500
AES,20140815,14.94,14.99,14.72,14.81,2811900
AES,20140814,14.68,14.93,14.68,14.91,2037700
AES,20140813,14.59,14.79,14.59,14.68,3471400
AES,20140812,14.56,14.69,14.50,14.59,3826900
AES,20140811,14.76,14.91,14.54,14.56,4825200
AES,20140808,14.44,14.75,14.42,14.75,4125800
AES,20140807,14.01,14.45,14.01,14.39,4431200
AES,20140806,14.41,14.45,14.24,14.36,6789600
AES,20140805,14.74,14.81,14.43,14.50,4224700
AES,20140804,14.68,14.81,14.42,14.81,6018000
AES,20140801,14.52,14.82,14.46,14.70,4026800
AES,20140731,14.89,14.99,14.58,14.61,3890900
AES,20140730,15.06,15.18,14.91,14.99,3273400
AES,20140729,15.21,15.29,15.09,15.10,2436300
AES,20140728,15.09,15.28,15.06,15.21,3282400
AES,20140725,15.22,15.30,15.07,15.09,3256300
AES,20140724,15.24,15.31,15.09,15.28,3098000
AES,20140723,15.21,15.23,15.11,15.20,2454600
AES,20140722,15.24,15.34,15.15,15.22,3580400
AES,20140721,15.16,15.21,15.00,15.15,2544000
AES,20140718,15.12,15.23,15.02,15.19,3200400
AES,20140717,15.23,15.33,15.04,15.07,3400600
AES,20140716,15.24,15.26,15.10,15.25,4559400
AES,20140715,15.22,15.31,15.03,15.15,4675500
AES,20140714,15.46,15.46,15.15,15.19,6047000
AES,20140711,15.46,15.49,15.32,15.41,4120600
AES,20140710,15.35,15.56,15.31,15.53,3493700
AES,20140709,15.53,15.56,15.30,15.38,5461600
AES,20140708,15.43,15.56,15.37,15.49,4499900
AES,20140707,15.44,15.55,15.41,15.44,6598400
AES,20140703,15.37,15.51,15.25,15.46,3206100
AES,20140702,15.56,15.61,15.35,15.44,7359400
AES,20140701,15.57,15.64,15.36,15.57,5599400
AES,20140630,15.50,15.65,15.33,15.55,5983200
AES,20140627,15.43,15.64,15.41,15.53,8856100
AES,20140626,15.37,15.57,15.18,15.45,7025400
AES,20140625,15.19,15.34,15.01,15.32,8561900
AES,20140624,15.25,15.41,15.16,15.20,7075700
AES,20140623,15.24,15.32,15.20,15.28,4479400
AES,20140620,15.27,15.39,15.18,15.26,6356500
AES,20140619,15.06,15.30,15.06,15.21,6715800
AES,20140618,14.53,15.04,14.51,15.03,8997200
AES,20140617,14.39,14.58,14.31,14.56,7051900
AES,20140616,14.17,14.44,14.15,14.43,5347500
AES,20140613,14.17,14.33,14.08,14.20,4804600
AES,20140612,14.25,14.28,14.09,14.17,6047700
AES,20140611,14.27,14.39,14.18,14.23,5185700
AES,20140610,14.37,14.46,14.28,14.29,4897300
AES,20140609,14.48,14.54,14.39,14.39,6111500
AES,20140606,14.32,14.55,14.31,14.46,5089200
AES,20140605,14.01,14.36,14.01,14.28,6039100
AES,20140604,14.21,14.25,13.96,13.97,7115400
AES,20140603,14.04,14.24,14.01,14.19,4228500
AES,20140602,14.09,14.18,14.00,14.10,3712000
AES,20140530,13.94,14.11,13.78,14.10,7938400
AES,20140529,13.86,13.97,13.80,13.96,7454700
AES,20140528,13.76,13.91,13.63,13.87,4513100
AES,20140527,13.80,13.88,13.73,13.77,4676500
AES,20140523,13.71,13.87,13.58,13.61,5683500
AES,20140522,13.56,13.76,13.42,13.68,10871600
AES,20140521,13.84,13.94,13.55,13.58,9295700
AES,20140520,13.98,14.04,13.77,13.83,3368000
AES,20140519,14.16,14.20,13.92,14.00,4078100
AES,20140516,14.22,14.30,14.08,14.22,3806000
AES,20140515,14.18,14.24,14.08,14.20,3564900
AES,20140514,14.12,14.31,14.06,14.18,3653200
AES,20140513,14.06,14.16,14.00,14.09,2415200
AES,20140512,14.08,14.17,13.95,14.01,3575800
AES,20140509,14.05,14.26,13.95,14.04,4777400
AES,20140508,14.00,14.43,13.94,14.08,8089100
AES,20140507,14.25,14.48,14.22,14.47,4398400
AES,20140506,14.29,14.35,14.17,14.19,4358500
AES,20140505,14.29,14.33,14.18,14.29,3291900
AES,20140502,14.69,14.70,14.30,14.33,3412000
AES,20140501,14.46,14.77,14.42,14.73,4599400
AES,20140430,14.33,14.47,14.20,14.45,5785000
AES,20140429,14.36,14.42,14.11,14.32,5542200
AES,20140428,14.51,14.54,14.32,14.35,6122200
AES,20140425,14.51,14.57,14.33,14.44,4162700
AES,20140424,14.33,14.60,14.27,14.51,4101300
AES,20140423,14.18,14.39,14.17,14.28,3170800
AES,20140422,14.14,14.19,14.01,14.14,5337800
AES,20140421,14.29,14.36,14.09,14.14,3692400
AES,20140417,14.33,14.45,14.19,14.26,2902500
AES,20140416,14.41,14.45,14.17,14.35,5563500
AES,20140415,14.31,14.45,14.14,14.33,4484900
AES,20140414,14.22,14.38,14.13,14.31,3608300
AES,20140411,14.38,14.47,14.11,14.15,5217900
AES,20140410,14.30,14.58,14.29,14.43,5899500
AES,20140409,14.39,14.50,14.18,14.30,8194800
AES,20140408,14.17,14.50,14.10,14.38,3593100
AES,20140407,14.32,14.42,14.18,14.19,4951600
AES,20140404,14.35,14.64,14.29,14.33,7403700
AES,20140403,14.29,14.41,14.22,14.25,4360000
AES,20140402,14.33,14.46,14.22,14.25,5591500
AES,20140401,14.33,14.38,14.24,14.31,4790700
AES,20140331,14.40,14.44,14.18,14.28,6983300
AES,20140328,14.10,14.31,14.07,14.29,5875900
AES,20140327,13.76,14.06,13.75,14.02,4550100
AES,20140326,13.97,14.03,13.72,13.73,4108700
AES,20140325,13.91,13.99,13.84,13.93,3997900
AES,20140324,13.94,14.03,13.75,13.87,4508800
AES,20140321,14.13,14.17,13.88,13.89,6004500
AES,20140320,13.82,14.00,13.70,13.97,4092300
AES,20140319,14.06,14.12,13.77,13.83,4115500
AES,20140318,13.94,14.09,13.93,14.02,3010500
AES,20140317,13.85,13.99,13.79,13.91,2971400
AES,20140314,13.80,13.98,13.79,13.81,3308400
AES,20140313,13.84,13.94,13.78,13.84,3937800
AES,20140312,13.54,13.85,13.53,13.84,3456300
AES,20140311,13.85,13.87,13.54,13.61,5951700
AES,20140310,14.03,14.03,13.84,13.84,5844300
AES,20140307,13.99,14.06,13.86,14.05,6189800
AES,20140306,14.04,14.14,13.91,13.99,5778800
AES,20140305,13.91,14.05,13.88,14.04,4721700
AES,20140304,13.90,14.09,13.88,13.95,5669400
AES,20140303,13.58,13.94,13.55,13.86,7896500
AES,20140228,13.80,13.86,13.57,13.65,9202800
AES,20140227,14.08,14.10,13.74,13.78,10288000
AES,20140226,14.17,14.37,14.02,14.17,9411200
AES,20140225,14.26,14.39,14.15,14.29,4971900
AES,20140224,14.62,14.68,14.23,14.27,9062200
AES,20140221,14.53,14.78,14.46,14.63,4392900
AES,20140220,14.37,14.76,14.37,14.52,5707300
AES,20140219,14.67,14.81,14.36,14.41,6897500
AES,20140218,14.65,14.94,14.62,14.76,4366100
AES,20140214,14.44,14.62,14.42,14.62,2871900
AES,20140213,14.21,14.60,14.20,14.49,3640600
AES,20140212,14.33,14.36,14.17,14.31,4655900
AES,20140211,14.05,14.49,14.03,14.33,4940400
AES,20140210,14.02,14.11,13.82,14.05,3095300
AES,20140207,14.00,14.10,13.92,14.06,3439100
AES,20140206,13.85,13.99,13.79,13.96,3388800
AES,20140205,13.74,13.92,13.58,13.84,3564300
AES,20140204,13.76,13.89,13.62,13.83,4359500
AES,20140203,14.06,14.22,13.68,13.71,5421100
AES,20140131,13.78,14.10,13.71,14.06,7542400
AES,20140130,13.80,13.97,13.73,13.95,3184900
AES,20140129,13.80,13.96,13.68,13.75,7127300
AES,20140128,13.65,13.97,13.62,13.97,5337000
AES,20140127,13.72,13.75,13.42,13.64,8703400
AES,20140124,14.13,14.13,13.54,13.72,12287800
AES,20140123,14.35,14.40,14.06,14.19,5266300
AES,20140122,14.43,14.59,14.39,14.47,3384100
AES,20140121,14.46,14.55,14.28,14.43,4683800
AES,20140117,14.36,14.44,14.27,14.30,3437900
AES,20140116,14.28,14.37,14.18,14.31,4247100
AES,20140115,14.45,14.47,14.23,14.30,5268500
AES,20140114,14.27,14.45,14.18,14.44,4268300
AES,20140113,14.45,14.51,14.21,14.26,4807200
AES,20140110,14.50,14.70,14.48,14.53,4807700
AES,20140109,14.36,14.54,14.27,14.46,5359500
AES,20140108,14.54,14.61,14.21,14.30,6992400
AES,20140107,14.36,14.80,14.36,14.59,10596900
AES,20140106,14.34,14.45,14.13,14.34,5067000
AES,20140103,14.28,14.35,14.11,14.20,4104700
AES,20140102,14.51,14.56,14.19,14.27,3987200
AES,20131231,14.45,14.55,14.39,14.51,2330800
AES,20131230,14.48,14.52,14.28,14.46,4131800
AES,20131227,14.51,14.60,14.36,14.45,2515100
AES,20131226,14.47,14.64,14.45,14.46,2892100
AES,20131224,14.36,14.53,14.23,14.47,1851900
AES,20131223,14.37,14.49,14.34,14.39,4803000
AES,20131220,14.17,14.41,14.14,14.32,9718700
AES,20131219,14.14,14.24,14.03,14.12,5860800
AES,20131218,14.05,14.27,13.81,14.21,7681100
AES,20131217,13.99,14.06,13.84,13.94,6803400
AES,20131216,13.82,14.11,13.75,13.96,9762600
AES,20131213,13.53,13.95,13.49,13.68,37696900
AES,20131212,14.02,14.27,13.77,13.85,14114500
AES,20131211,14.47,14.57,14.28,14.32,5386500
AES,20131210,14.69,14.75,14.44,14.49,5185500
AES,20131209,15.04,15.06,14.67,14.71,4751100
AES,20131206,14.88,15.14,14.78,15.02,7457300
AES,20131205,15.26,15.29,14.68,14.74,11045800
AES,20131204,14.83,15.54,14.73,15.31,13164800
AES,20131203,14.41,14.89,14.35,14.88,7908600
AES,20131202,14.57,14.70,14.45,14.47,3855900
AES,20131129,14.45,14.66,14.40,14.57,2144900
AES,20131127,14.50,14.55,14.31,14.47,3496600
AES,20131126,14.50,14.55,14.28,14.43,3802300
AES,20131125,14.67,14.73,14.50,14.53,3494500
AES,20131122,14.60,14.73,14.55,14.62,3777100
AES,20131121,14.70,14.77,14.60,14.63,3720300
AES,20131120,14.75,14.83,14.57,14.59,4933700
AES,20131119,14.97,15.03,14.65,14.70,7229000
AES,20131118,15.28,15.30,14.94,14.96,5661700
AES,20131115,15.17,15.30,15.01,15.28,6125700
AES,20131114,15.16,15.25,15.01,15.20,7375400
AES,20131113,14.78,15.12,14.65,15.11,7122300
AES,20131112,14.53,14.93,14.51,14.86,11397800
AES,20131111,14.19,14.56,14.15,14.56,6251600
AES,20131108,13.74,14.24,13.61,14.21,6265800
AES,20131107,14.09,14.36,13.62,13.70,6617100
AES,20131106,13.96,14.09,13.93,14.05,3820100
AES,20131105,14.04,14.09,13.93,13.96,4566600
AES,20131104,14.05,14.20,13.94,14.12,6881700
AES,20131101,14.08,14.17,13.92,13.99,5283600
AES,20131031,14.22,14.29,13.97,14.09,4648600
AES,20131030,14.33,14.49,14.13,14.24,3010200
AES,20131029,14.39,14.46,14.27,14.30,2169300
AES,20131028,14.31,14.40,14.21,14.35,4283000
AES,20131025,14.10,14.34,14.03,14.31,2466000
AES,20131024,14.07,14.19,13.97,14.07,3740400
AES,20131023,14.26,14.36,14.01,14.05,4324600
AES,20131022,14.28,14.42,14.25,14.30,4098100
AES,20131021,14.19,14.37,14.14,14.22,3700800
AES,20131018,14.10,14.32,14.04,14.21,3790200
AES,20131017,13.73,14.21,13.68,14.06,6067900
AES,20131016,13.61,13.80,13.57,13.75,3055100
AES,20131015,13.74,13.81,13.51,13.54,2888200
AES,20131014,13.63,13.82,13.46,13.81,3896300
AES,20131011,13.56,13.73,13.50,13.69,2375300
AES,20131010,13.31,13.57,13.21,13.55,4400200
AES,20131009,13.32,13.37,13.19,13.22,4135700
AES,20131008,13.37,13.58,13.27,13.30,3388300
AES,20131007,13.29,13.38,13.25,13.29,2716200
AES,20131004,13.27,13.47,13.20,13.38,2664900
AES,20131003,13.31,13.34,13.16,13.25,2856900
AES,20131002,13.35,13.41,13.22,13.35,3229400
AES,20131001,13.33,13.45,13.26,13.38,2272600
AES,20130930,13.39,13.43,13.24,13.29,3764000
AES,20130927,13.56,13.62,13.37,13.47,2771300
AES,20130926,13.52,13.65,13.49,13.59,2705500
AES,20130925,13.54,13.66,13.28,13.51,3453100
AES,20130924,13.53,13.60,13.42,13.52,4684200
AES,20130923,13.31,13.58,13.31,13.51,5136200
AES,20130920,13.58,13.60,13.35,13.38,4232000
AES,20130919,13.70,13.77,13.51,13.59,2635900
AES,20130918,13.29,13.75,13.21,13.65,4670800
AES,20130917,13.38,13.46,13.30,13.32,5708200
AES,20130916,13.40,13.55,13.26,13.35,4866500
AES,20130913,13.37,13.44,13.23,13.27,3764200
AES,20130912,13.46,13.49,13.28,13.38,3657500
AES,20130911,13.58,13.58,13.37,13.43,4061700
AES,20130910,13.39,13.57,13.35,13.57,5811600
AES,20130909,13.10,13.32,13.08,13.29,4148400
AES,20130906,12.75,13.36,12.75,13.09,10308800
AES,20130905,12.59,12.73,12.59,12.71,2394300
AES,20130904,12.72,12.75,12.55,12.64,2562300
AES,20130903,12.87,12.94,12.64,12.70,3430600
AES,20130830,12.80,12.86,12.65,12.71,3229600
AES,20130829,12.86,12.96,12.72,12.78,1931200
AES,20130828,12.72,12.92,12.67,12.86,3171600
AES,20130827,12.79,12.93,12.71,12.73,5698100
AES,20130826,12.93,13.06,12.83,12.95,5002600
AES,20130823,12.95,12.97,12.79,12.91,2044600
AES,20130822,12.65,12.94,12.60,12.88,3461000
AES,20130821,12.65,12.72,12.52,12.62,3547300
AES,20130820,12.53,12.72,12.39,12.69,3770200
AES,20130819,12.59,12.64,12.38,12.49,4464800
AES,20130816,12.78,12.78,12.55,12.66,2733000
AES,20130815,12.90,12.94,12.74,12.81,3644500
AES,20130814,12.95,13.07,12.87,12.99,3424300
AES,20130813,13.11,13.11,12.89,12.97,4810200
AES,20130812,13.06,13.12,13.00,13.08,3170700
AES,20130809,13.11,13.33,13.08,13.09,3605600
AES,20130808,12.89,13.38,12.78,13.13,5706200
AES,20130807,12.68,12.88,12.59,12.87,4572700
AES,20130806,12.70,12.82,12.65,12.76,5994600
AES,20130805,12.57,12.82,12.53,12.78,4252400
AES,20130802,12.66,12.70,12.49,12.66,2713900
AES,20130801,12.53,12.70,12.40,12.66,3259700
AES,20130731,12.35,12.59,12.24,12.44,4778400
AES,20130730,12.45,12.48,12.34,12.38,3755300
AES,20130729,12.47,12.54,12.39,12.40,2804900
AES,20130726,12.38,12.49,12.32,12.48,2518700
AES,20130725,12.37,12.47,12.25,12.45,3674300
AES,20130724,12.72,12.72,12.32,12.42,2570000
AES,20130723,12.68,12.82,12.55,12.76,2056500
AES,20130722,12.82,12.87,12.66,12.68,2993600
AES,20130719,12.73,12.90,12.71,12.83,3721600
AES,20130718,12.74,12.83,12.72,12.75,3592700
AES,20130717,12.86,12.90,12.67,12.74,3123800
AES,20130716,12.84,12.89,12.72,12.77,3469600
AES,20130715,12.60,12.90,12.58,12.87,3748400
AES,20130712,12.50,12.62,12.45,12.60,3330800
AES,20130711,12.41,12.54,12.39,12.53,4191200
AES,20130710,12.01,12.28,11.98,12.26,6342200
AES,20130709,11.98,12.11,11.97,12.03,5249200
AES,20130708,11.89,12.01,11.88,11.92,4803900
AES,20130705,11.87,11.91,11.72,11.86,3694300
AES,20130703,11.70,11.97,11.62,11.83,2864900
AES,20130702,11.90,12.04,11.77,11.81,5972000
AES,20130701,12.11,12.11,11.85,11.90,5311800
AES,20130628,11.98,12.11,11.87,11.99,7134900
AES,20130627,11.97,12.10,11.90,11.96,7370700
AES,20130626,11.75,11.97,11.71,11.91,5247600
AES,20130625,11.51,11.78,11.40,11.67,6100000
AES,20130624,11.38,11.59,11.24,11.41,5858200
AES,20130621,11.51,11.61,11.17,11.48,7723500
AES,20130620,11.63,11.74,11.38,11.43,7258000
AES,20130619,12.13,12.17,11.68,11.68,7135400
AES,20130618,12.28,12.30,12.14,12.17,7075900
AES,20130617,12.42,12.48,12.18,12.25,4514300
AES,20130614,12.41,12.50,12.29,12.36,2304400
AES,20130613,12.17,12.41,12.12,12.39,3163100
AES,20130612,12.40,12.43,12.10,12.18,3640800
AES,20130611,12.16,12.39,12.06,12.31,4736500
AES,20130610,12.51,12.55,12.24,12.26,3919100
AES,20130607,12.32,12.61,12.28,12.51,4139200
AES,20130606,12.06,12.33,12.02,12.28,5945900
AES,20130605,12.21,12.25,12.02,12.07,4877000
AES,20130604,12.31,12.38,12.18,12.28,6288900
AES,20130603,12.21,12.39,12.04,12.29,7857800
AES,20130531,12.28,12.51,12.20,12.20,5623100
AES,20130530,12.40,12.66,12.30,12.31,4496400
AES,20130529,12.33,12.43,12.07,12.37,6643300
AES,20130528,12.75,12.77,12.27,12.42,7682500
AES,20130524,12.80,12.83,12.60,12.66,2892400
AES,20130523,12.75,12.98,12.55,12.90,5943900
AES,20130522,13.01,13.24,12.75,12.84,7910800
AES,20130521,12.93,13.05,12.84,13.00,8428200
AES,20130520,12.98,13.02,12.85,12.93,4060700
AES,20130517,12.88,13.00,12.86,12.99,4908300
AES,20130516,13.01,13.06,12.78,12.86,8298400
AES,20130515,13.14,13.27,12.98,13.08,10861600
AES,20130514,13.02,13.28,12.98,13.13,5578600
AES,20130513,13.24,13.24,12.96,13.01,5855100
AES,20130510,13.00,13.32,12.72,13.31,12089500
AES,20130509,13.79,13.80,13.18,13.22,7820500
AES,20130508,13.92,14.00,13.78,13.90,4829200
AES,20130507,13.83,13.98,13.76,13.96,5013500
AES,20130506,13.81,13.86,13.70,13.83,2747200
AES,20130503,13.91,13.98,13.79,13.82,4678400
AES,20130502,13.86,13.88,13.70,13.83,3763500
AES,20130501,13.86,13.94,13.74,13.80,3918100
AES,20130430,13.69,13.94,13.62,13.86,10961000
AES,20130429,13.50,13.74,13.45,13.66,6864000
AES,20130426,13.49,13.58,13.37,13.47,8188000
AES,20130425,13.26,13.60,13.16,13.46,7344100
AES,20130424,13.18,13.28,13.07,13.24,3718100
AES,20130423,13.00,13.20,12.90,13.15,4965100
AES,20130422,12.88,13.01,12.70,12.92,3847500
AES,20130419,12.53,12.88,12.53,12.87,5083200
AES,20130418,12.64,12.68,12.53,12.62,6448900
AES,20130417,12.78,12.80,12.47,12.64,9794700
AES,20130416,12.75,12.90,12.71,12.87,3786200
AES,20130415,13.07,13.20,12.66,12.69,5645000
AES,20130412,12.87,13.10,12.85,13.10,4166000
AES,20130411,12.87,12.98,12.85,12.93,4612400
AES,20130410,12.73,12.93,12.67,12.85,5271900
AES,20130409,12.64,12.72,12.51,12.64,6840400
AES,20130408,12.40,12.61,12.36,12.59,8949000
AES,20130405,12.37,12.58,12.36,12.43,6562800
AES,20130404,12.47,12.62,12.45,12.53,3259000
AES,20130403,12.52,12.57,12.41,12.46,4900500
AES,20130402,12.54,12.55,12.43,12.51,3064000
AES,20130401,12.57,12.61,12.39,12.51,3016500
AES,20130328,12.57,12.61,12.47,12.57,4020600
AES,20130327,12.33,12.55,12.26,12.54,4543500
AES,20130326,12.39,12.51,12.34,12.39,5049500
AES,20130325,12.49,12.54,12.25,12.30,6163200
AES,20130322,12.47,12.51,12.37,12.41,5071800
AES,20130321,12.63,12.69,12.42,12.42,4838200
AES,20130320,12.50,12.72,12.50,12.68,7344200
AES,20130319,12.46,12.49,12.29,12.45,4869100
AES,20130318,12.40,12.53,12.27,12.39,8102800
AES,20130315,12.52,12.61,12.38,12.50,8931000
AES,20130314,12.63,12.73,12.53,12.57,8850200
AES,20130313,12.52,12.71,12.46,12.64,4768400
AES,20130312,12.48,12.63,12.46,12.55,4151100
AES,20130311,12.30,12.53,12.30,12.51,4885000
AES,20130308,12.39,12.39,12.21,12.33,4384200
AES,20130307,12.35,12.38,12.25,12.32,5004600
AES,20130306,12.28,12.42,12.25,12.36,6689300
AES,20130305,12.04,12.23,12.01,12.18,6471600
AES,20130304,11.92,12.07,11.82,12.02,9989100
AES,20130301,11.56,11.94,11.52,11.93,7874700
AES,20130228,11.67,11.79,11.61,11.62,8716800
AES,20130227,11.07,11.80,11.01,11.64,11982300
AES,20130226,10.91,11.01,10.80,10.95,5059800
AES,20130225,11.27,11.32,10.89,10.90,7176700
AES,20130222,11.12,11.23,11.08,11.23,3545700
AES,20130221,11.35,11.36,11.04,11.06,4101600
AES,20130220,11.36,11.42,11.31,11.37,8649500
AES,20130219,11.17,11.37,11.17,11.37,4541800
AES,20130215,11.22,11.24,11.11,11.17,4121200
AES,20130214,11.31,11.38,11.21,11.21,4892100
AES,20130213,11.31,11.43,11.31,11.34,4463800
AES,20130212,11.23,11.33,11.17,11.31,5019900
AES,20130211,11.06,11.22,11.02,11.20,5735400
AES,20130208,11.12,11.14,10.99,11.07,6413900
AES,20130207,11.06,11.14,10.99,11.11,5463600
AES,20130206,10.95,11.09,10.93,11.06,4023200
AES,20130205,10.96,11.07,10.91,10.99,5720100
AES,20130204,11.09,11.11,10.90,10.92,4402400
AES,20130201,10.93,11.13,10.86,11.05,6578600
AES,20130131,10.89,10.95,10.78,10.84,7138500
AES,20130130,10.69,10.95,10.66,10.88,18373200
AES,20130129,10.85,10.86,10.67,10.70,20323400
AES,20130128,11.06,11.08,10.84,10.85,9922600
AES,20130125,11.10,11.18,11.00,11.09,5543800
AES,20130124,11.22,11.30,11.04,11.09,7951700
AES,20130123,11.28,11.31,11.10,11.21,4565400
AES,20130122,11.10,11.36,11.09,11.31,3983300
AES,20130118,11.10,11.14,11.00,11.14,2706700
AES,20130117,11.00,11.14,10.99,11.07,2677900
AES,20130116,10.94,11.02,10.89,10.95,3127200
AES,20130115,11.00,11.04,10.80,11.00,2746700
AES,20130114,11.10,11.18,10.99,11.03,4126900
AES,20130111,11.08,11.16,11.00,11.11,3671800
AES,20130110,10.95,11.11,10.88,11.09,3716300
AES,20130109,10.84,10.95,10.79,10.90,3836900
AES,20130108,10.81,10.93,10.69,10.85,3683000
AES,20130107,11.33,11.33,10.81,10.85,6791100
AES,20130104,10.99,11.25,10.93,11.20,6218700
AES,20130103,10.95,11.05,10.88,10.94,8415000
AES,20130102,10.89,11.03,10.81,11.00,5166900
AES,20121231,10.50,10.74,10.41,10.70,3652800
AES,20121228,10.56,10.64,10.48,10.51,2737400
AES,20121227,10.74,10.78,10.44,10.64,3612600
AES,20121226,10.82,10.87,10.74,10.77,2388900
AES,20121224,10.88,10.90,10.73,10.80,1203300
AES,20121221,10.94,10.99,10.77,10.90,5069900
AES,20121220,10.96,11.03,10.88,11.02,2636200
AES,20121219,11.08,11.08,10.89,10.91,5674100
AES,20121218,10.88,11.07,10.86,11.05,3788100
AES,20121217,10.76,10.92,10.74,10.90,5048900
AES,20121214,10.73,10.79,10.68,10.74,3670200
AES,20121213,10.72,10.78,10.61,10.77,4566700
AES,20121212,10.73,10.79,10.71,10.74,3855800
AES,20121211,10.73,10.87,10.69,10.72,4892800
AES,20121210,10.83,10.86,10.70,10.72,5272900
AES,20121207,10.84,10.98,10.77,10.86,5116700
AES,20121206,10.87,10.96,10.79,10.84,6648300
AES,20121205,10.70,10.92,10.62,10.86,8289900
AES,20121204,10.55,10.78,10.52,10.72,6784200
AES,20121203,10.76,10.76,10.53,10.57,4482800
AES,20121130,10.42,10.68,10.41,10.67,20870500
AES,20121129,10.44,10.46,10.28,10.42,4427100
AES,20121128,10.15,10.40,10.12,10.40,4244900
AES,20121127,10.22,10.34,10.12,10.17,7278600
AES,20121126,10.07,10.28,10.06,10.20,5643900
AES,20121123,10.14,10.18,10.02,10.10,2904400
AES,20121121,9.92,10.03,9.87,9.97,4155800
AES,20121120,9.94,9.99,9.81,9.92,5458900
AES,20121119,10.01,10.10,9.84,9.97,8651400
AES,20121116,9.74,9.93,9.64,9.89,7068500
AES,20121115,9.79,9.93,9.58,9.72,6977100
AES,20121114,9.76,9.82,9.52,9.78,9619400
AES,20121113,9.87,9.99,9.73,9.74,6580800
AES,20121112,10.13,10.34,9.83,9.91,3304200
AES,20121109,10.14,10.18,9.93,9.96,7646800
AES,20121108,10.08,10.18,10.01,10.15,6118200
AES,20121107,10.55,10.77,10.06,10.07,5944700
AES,20121106,10.37,10.63,10.33,10.48,5596400
AES,20121105,10.62,10.65,10.37,10.37,3400800
AES,20121102,10.57,10.70,10.55,10.66,5592400
AES,20121101,10.49,10.80,10.42,10.54,8865900
AES,20121031,10.51,10.61,10.37,10.45,3903900
AES,20121026,10.39,10.53,10.34,10.45,4931800
AES,20121025,10.55,10.62,10.36,10.45,4479800
AES,20121024,10.74,10.79,10.49,10.49,4397500
AES,20121023,10.70,10.78,10.58,10.73,6490000
AES,20121022,10.89,11.00,10.74,10.81,4915200
AES,20121019,11.10,11.16,10.97,11.04,2923600
AES,20121018,11.10,11.25,11.03,11.15,4747000
AES,20121017,10.92,11.12,10.79,11.10,8446500
AES,20121016,10.79,10.99,10.75,10.96,5478600
AES,20121015,10.60,10.74,10.54,10.74,4649200
AES,20121012,10.74,10.78,10.53,10.61,5396900
AES,20121011,10.69,10.86,10.67,10.70,4124700
AES,20121010,10.82,10.82,10.59,10.64,3092700
AES,20121009,10.83,10.88,10.73,10.78,3608200
AES,20121008,10.90,10.93,10.82,10.83,2507900
AES,20121005,11.02,11.10,10.87,10.92,3507900
AES,20121004,10.96,11.09,10.90,11.00,4994600
AES,20121003,10.92,10.99,10.85,10.91,4493600
AES,20121002,10.83,10.93,10.80,10.88,7147700
AES,20121001,10.96,11.10,10.75,10.80,5627900
AES,20120928,10.85,11.02,10.83,10.97,5213100
AES,20120927,10.97,11.06,10.86,10.89,5544000
AES,20120926,11.06,11.12,10.85,10.89,7175300
AES,20120925,11.25,11.36,11.05,11.05,5850000
AES,20120924,11.13,11.38,11.10,11.24,8053300
AES,20120921,11.22,11.22,11.08,11.12,7058500
AES,20120920,11.09,11.21,11.02,11.20,6313100
AES,20120919,11.18,11.25,11.12,11.14,5768600
AES,20120918,11.41,11.43,11.11,11.17,6259600
AES,20120917,11.53,11.60,11.37,11.40,5310600
AES,20120914,11.49,11.60,11.47,11.57,7927300
AES,20120913,11.31,11.51,11.21,11.50,6149600
AES,20120912,11.48,11.54,11.23,11.26,9175300
AES,20120911,11.45,11.53,11.41,11.50,4635300
AES,20120910,11.41,11.51,11.36,11.46,7676800
AES,20120907,11.39,11.46,11.29,11.39,6796400
AES,20120906,11.36,11.43,11.17,11.37,8654500
AES,20120905,11.29,11.35,11.11,11.29,6631200
AES,20120904,11.36,11.43,11.25,11.29,5721100
AES,20120831,11.44,11.49,11.32,11.39,3819300
AES,20120830,11.48,11.50,11.37,11.39,2436200
AES,20120829,11.45,11.57,11.44,11.52,4616300
AES,20120828,11.51,11.59,11.41,11.42,4348400
AES,20120827,11.51,11.59,11.49,11.56,3147500
AES,20120824,11.38,11.57,11.34,11.51,4209000
AES,20120823,11.65,11.66,11.36,11.38,4300200
AES,20120822,11.57,11.69,11.55,11.67,3586300
AES,20120821,11.66,11.72,11.58,11.61,3518800
AES,20120820,11.68,11.69,11.58,11.67,3228100
AES,20120817,11.79,11.81,11.60,11.67,3725600
AES,20120816,11.71,11.88,11.64,11.79,5805000
AES,20120815,11.72,11.77,11.63,11.66,5436300
AES,20120814,11.91,11.92,11.68,11.70,4403400
AES,20120813,11.73,11.88,11.71,11.86,4196900
AES,20120810,11.72,11.83,11.68,11.78,4069700
AES,20120809,11.70,11.80,11.64,11.76,5944500
AES,20120808,11.53,11.77,11.46,11.72,6764400
AES,20120807,11.68,11.78,11.50,11.53,6639800
AES,20120806,11.98,12.11,11.60,11.71,13522000
AES,20120803,12.24,12.34,12.19,12.25,5405000
AES,20120802,11.92,12.11,11.81,12.11,7263800
AES,20120801,12.12,12.22,11.98,12.00,5581400
AES,20120731,12.09,12.16,12.04,12.06,6151300
AES,20120730,12.02,12.25,12.01,12.11,9262100
AES,20120727,12.01,12.07,11.90,11.98,10385200
AES,20120726,11.97,12.14,11.89,11.97,7507400
AES,20120725,12.16,12.24,11.65,11.79,11321200
AES,20120724,12.39,12.43,12.01,12.10,8626700
AES,20120723,12.64,12.71,12.37,12.45,4270200
AES,20120720,12.71,12.89,12.71,12.77,4019700
AES,20120719,12.69,12.90,12.65,12.82,8151700
AES,20120718,12.62,12.73,12.56,12.61,6248400
AES,20120717,12.70,12.79,12.56,12.67,4714800
AES,20120716,12.69,12.72,12.61,12.64,2807300
AES,20120713,12.61,12.77,12.60,12.72,2963500
AES,20120712,12.64,12.70,12.54,12.60,4269500
AES,20120711,12.66,12.80,12.61,12.75,4774900
AES,20120710,12.77,12.78,12.61,12.65,3751600
AES,20120709,12.84,12.85,12.58,12.67,4020900
AES,20120706,12.70,12.87,12.64,12.84,4471200
AES,20120705,12.75,12.88,12.71,12.83,4550700
AES,20120703,12.72,12.82,12.68,12.81,3649200
AES,20120702,12.94,12.94,12.64,12.72,3358200
AES,20120629,12.83,12.88,12.71,12.83,5722000
AES,20120628,12.37,12.64,12.36,12.62,3821500
AES,20120627,12.23,12.52,12.20,12.45,3831900
AES,20120626,12.05,12.26,12.02,12.18,4368500
AES,20120625,11.91,12.06,11.87,12.01,5174500
AES,20120622,12.17,12.25,12.02,12.08,7092100
AES,20120621,12.43,12.61,12.11,12.13,4283100
AES,20120620,12.66,12.70,12.37,12.45,4884200
AES,20120619,12.61,12.75,12.55,12.69,3888700
AES,20120618,12.59,12.63,12.47,12.58,5719500
AES,20120615,12.63,12.68,12.54,12.63,5150600
AES,20120614,12.39,12.65,12.34,12.62,5199100
AES,20120613,12.23,12.45,12.10,12.34,3914000
AES,20120612,12.30,12.37,12.15,12.33,4650500
AES,20120611,12.66,12.67,12.29,12.30,4408800
AES,20120608,12.32,12.56,12.29,12.55,4413800
AES,20120607,12.58,12.67,12.34,12.36,8306800
AES,20120606,12.09,12.46,12.09,12.45,5615000
AES,20120605,11.78,12.06,11.78,12.02,4556700
AES,20120604,11.84,11.91,11.64,11.82,5652900
AES,20120601,11.88,11.97,11.76,11.84,6849900
AES,20120531,12.28,12.33,12.06,12.09,9161900
AES,20120530,12.49,12.56,12.24,12.32,5296000
AES,20120529,12.55,12.64,12.46,12.61,4990000
AES,20120525,12.35,12.56,12.35,12.55,4208600
AES,20120524,12.24,12.38,12.20,12.38,5722000
AES,20120523,12.30,12.34,12.11,12.21,8081400
AES,20120522,12.24,12.53,12.19,12.42,6361500
AES,20120521,12.00,12.24,11.98,12.23,5107300
AES,20120518,12.07,12.15,11.91,11.95,6055200
AES,20120517,12.15,12.19,11.97,11.98,3870200
AES,20120516,12.26,12.43,12.07,12.13,6835000
AES,20120515,12.20,12.32,12.06,12.19,9178500
AES,20120514,12.26,12.36,12.17,12.22,3939100
AES,20120511,12.33,12.56,12.25,12.36,7301200
AES,20120510,12.22,12.51,12.18,12.37,7033300
AES,20120509,11.87,12.10,11.74,12.03,7929600
AES,20120508,11.96,12.04,11.66,12.01,9208400
AES,20120507,12.00,12.19,11.97,12.07,4850100
AES,20120504,12.71,12.80,12.02,12.08,6519600
AES,20120503,12.31,12.38,12.18,12.21,6022000
AES,20120502,12.48,12.52,12.27,12.31,4731600
AES,20120501,12.48,12.62,12.42,12.58,4711300
AES,20120430,12.45,12.53,12.37,12.52,5446700
AES,20120427,12.47,12.53,12.36,12.45,3626600
AES,20120426,12.19,12.51,12.12,12.42,5466800
AES,20120425,12.25,12.27,12.16,12.22,3251800
AES,20120424,12.11,12.23,12.08,12.14,2880300
AES,20120423,12.13,12.14,11.97,12.05,6120100
AES,20120420,12.17,12.30,12.09,12.26,7128500
AES,20120419,12.27,12.27,12.08,12.12,6657800
AES,20120418,12.32,12.46,12.21,12.25,5753300
AES,20120417,12.56,12.58,12.26,12.34,7471100
AES,20120416,12.49,12.57,12.39,12.44,4594700
AES,20120413,12.59,12.65,12.38,12.40,6022400
AES,20120412,12.47,12.70,12.43,12.66,2736600
AES,20120411,12.62,12.69,12.46,12.48,4259400
AES,20120410,12.79,12.84,12.47,12.50,5236300
AES,20120409,12.70,12.88,12.70,12.86,4200900
AES,20120405,13.11,13.11,12.86,12.92,4292800
AES,20120404,13.06,13.24,13.05,13.17,4666200
AES,20120403,13.07,13.25,12.94,13.25,8274700
AES,20120402,13.00,13.12,12.93,13.04,4667700
AES,20120330,13.13,13.13,12.99,13.07,4678900
AES,20120329,12.90,13.06,12.75,13.02,5821000
AES,20120328,13.13,13.20,12.87,13.02,5644000
AES,20120327,13.15,13.18,13.04,13.17,6117300
AES,20120326,13.03,13.14,12.95,13.11,5135000
AES,20120323,12.93,13.02,12.88,12.92,3256400
AES,20120322,12.98,13.05,12.78,12.86,4719900
AES,20120321,13.13,13.21,13.05,13.09,2374100
AES,20120320,13.02,13.17,12.97,13.15,5497000
AES,20120319,13.17,13.24,13.10,13.12,3191900
AES,20120316,13.16,13.28,13.08,13.17,6697900
AES,20120315,13.05,13.19,13.00,13.15,7273600
AES,20120314,13.30,13.44,12.99,13.00,7368800
AES,20120313,13.37,13.40,13.17,13.32,5231100
AES,20120312,13.23,13.30,13.14,13.27,3953500
AES,20120309,13.27,13.34,13.17,13.19,3994700
AES,20120308,13.14,13.29,13.10,13.18,5558500
AES,20120307,12.93,13.10,12.88,13.02,3316600
AES,20120306,13.24,13.28,12.91,12.98,6421700
AES,20120305,13.41,13.47,13.25,13.38,3903300
AES,20120302,13.51,13.62,13.38,13.49,3003300
AES,20120301,13.46,13.72,13.44,13.53,3683500
AES,20120229,13.52,13.60,13.31,13.56,6572000
AES,20120228,13.74,13.75,13.40,13.44,4808200
AES,20120227,13.76,13.82,13.41,13.70,6593100
AES,20120224,13.75,13.89,13.63,13.80,4808400
AES,20120223,13.82,14.01,13.63,13.77,5112700
AES,20120222,13.79,13.84,13.66,13.82,2894500
AES,20120221,13.71,13.80,13.61,13.78,3734100
AES,20120217,13.81,13.85,13.53,13.70,5082000
AES,20120216,13.47,13.84,13.42,13.78,4867500
AES,20120215,13.50,13.56,13.39,13.43,4147500
AES,20120214,13.17,13.48,13.05,13.48,5511400
AES,20120213,13.06,13.37,13.04,13.12,4801500
AES,20120210,12.88,12.92,12.79,12.88,2420100
AES,20120209,13.00,13.09,12.86,12.98,2407400
AES,20120208,12.88,12.97,12.83,12.94,2617100
AES,20120207,12.71,12.94,12.68,12.88,3463800
AES,20120206,12.87,12.90,12.75,12.78,2789200
AES,20120203,13.14,13.15,12.90,12.92,3908900
AES,20120202,12.97,13.06,12.93,13.01,2496200
AES,20120201,12.84,13.05,12.83,12.96,4104200
AES,20120131,12.86,12.87,12.56,12.76,4231400
AES,20120130,12.71,12.79,12.63,12.75,3206400
AES,20120127,12.90,12.98,12.79,12.81,4680100
AES,20120126,13.15,13.15,12.86,12.94,5069300
AES,20120125,12.71,13.14,12.66,13.11,6805500
AES,20120124,12.87,12.91,12.71,12.74,4276400
AES,20120123,13.04,13.13,12.86,12.94,7939200
AES,20120120,12.92,13.06,12.84,13.06,4874700
AES,20120119,12.84,12.94,12.75,12.92,4187800
AES,20120118,12.83,12.90,12.74,12.79,3989700
AES,20120117,12.77,12.90,12.69,12.88,6166400
AES,20120113,12.47,12.67,12.42,12.65,4646600
AES,20120112,12.71,12.74,12.49,12.55,4150800
AES,20120111,12.68,12.70,12.54,12.66,2989300
AES,20120110,12.60,12.76,12.58,12.70,8614600
AES,20120109,12.23,12.51,12.17,12.47,6515500
AES,20120106,12.28,12.38,12.14,12.23,7463600
AES,20120105,12.02,12.38,11.90,12.32,8710600
AES,20120104,12.05,12.20,12.01,12.03,3675600
AES,20120103,12.03,12.21,11.85,12.12,7312000
AES,20111230,11.85,11.96,11.81,11.84,1541900
AES,20111229,11.81,11.95,11.79,11.88,2324700
AES,20111228,11.94,11.94,11.67,11.72,2370200
AES,20111227,11.80,11.97,11.74,11.91,2191600
AES,20111223,11.83,11.92,11.78,11.87,4001500
AES,20111222,11.66,11.84,11.64,11.80,4791300
AES,20111221,11.69,11.69,11.49,11.59,5751700
AES,20111220,11.67,11.76,11.58,11.69,8518000
AES,20111219,11.59,11.70,11.44,11.48,5287000
AES,20111216,11.65,11.75,11.43,11.50,7936900
AES,20111215,11.68,11.85,11.56,11.57,5811800
AES,20111214,11.62,11.70,11.48,11.51,5527500
AES,20111213,11.81,11.93,11.61,11.67,7046900
AES,20111212,11.73,11.88,11.60,11.72,5027900
AES,20111209,11.60,11.90,11.59,11.86,5688000
AES,20111208,11.94,12.00,11.47,11.51,8389900
AES,20111207,11.99,12.12,11.96,12.04,3942400
AES,20111206,12.10,12.19,11.95,12.07,5660700
AES,20111205,12.13,12.20,11.97,12.08,5512800
AES,20111202,12.20,12.21,11.86,11.94,7119800
AES,20111201,12.01,12.24,11.97,12.11,6622400
AES,20111130,12.00,12.11,11.88,12.08,7044000
AES,20111129,11.66,11.77,11.45,11.65,5773100
AES,20111128,11.41,11.62,11.33,11.42,6274000
AES,20111125,11.07,11.25,11.07,11.09,1478300
AES,20111123,11.15,11.22,10.96,11.12,8625900
AES,20111122,11.44,11.51,11.11,11.25,7039300
AES,20111121,11.60,11.61,11.28,11.49,5940100
AES,20111118,11.61,11.81,11.55,11.75,6264300
AES,20111117,11.67,11.68,11.37,11.49,7689500
AES,20111116,11.65,11.92,11.56,11.70,5345000
AES,20111115,11.65,11.88,11.61,11.82,3646000
AES,20111114,11.64,11.79,11.59,11.70,4206700
AES,20111111,11.73,11.78,11.60,11.78,3523700
AES,20111110,11.62,11.67,11.35,11.48,4755300
AES,20111109,11.80,11.80,11.36,11.41,7521500
AES,20111108,11.95,12.14,11.84,12.12,4959400
AES,20111107,11.85,11.96,11.78,11.93,5436700
AES,20111104,11.97,12.11,11.61,11.91,8018000
AES,20111103,11.40,11.67,11.30,11.58,5835800
AES,20111102,11.12,11.42,11.08,11.29,5817000
AES,20111101,10.80,11.21,10.80,10.94,7131300
AES,20111031,11.49,11.50,11.22,11.22,5034200
AES,20111028,11.50,11.70,11.30,11.65,5400500
AES,20111027,11.29,11.70,11.29,11.51,9985800
AES,20111026,11.13,11.25,10.86,10.96,6523200
AES,20111025,11.16,11.16,10.80,10.82,5223100
AES,20111024,11.22,11.39,11.13,11.23,5623000
AES,20111021,10.95,11.20,10.95,11.19,5589300
AES,20111020,10.78,10.86,10.57,10.82,5589700
AES,20111019,10.71,10.97,10.65,10.79,6712600
AES,20111018,10.26,10.82,10.18,10.70,9919000
AES,20111017,10.48,10.52,10.23,10.25,4963600
AES,20111014,10.55,10.65,10.48,10.51,5118400
AES,20111013,10.36,10.46,10.14,10.39,6205400
AES,20111012,10.27,10.58,10.23,10.47,5510600
AES,20111011,10.26,10.46,10.20,10.21,5218200
AES,20111010,10.26,10.48,10.16,10.35,5359300
AES,20111007,10.21,10.22,9.86,10.02,6427600
AES,20111006,9.69,10.22,9.66,10.16,6571900
AES,20111005,9.47,9.79,9.29,9.76,8246500
AES,20111004,9.29,9.44,9.00,9.44,9700000
AES,20111003,9.68,9.85,9.44,9.44,7379700
AES,20110930,10.12,10.12,9.76,9.76,7583300
AES,20110929,10.19,10.28,10.04,10.26,6978900
AES,20110928,10.21,10.31,9.94,9.95,7917900
AES,20110927,10.33,10.44,10.13,10.19,9308600
AES,20110926,10.02,10.10,9.72,10.07,8120600
AES,20110923,9.80,10.14,9.75,9.87,9893500
AES,20110922,9.99,10.02,9.69,9.83,15174100
AES,20110921,10.69,10.84,10.35,10.36,7751900
AES,20110920,10.96,11.07,10.68,10.72,6521400
AES,20110919,10.87,10.98,10.81,10.93,6312300
AES,20110916,10.97,11.15,10.93,11.06,6120600
AES,20110915,10.70,10.89,10.60,10.89,6818300
AES,20110914,10.44,10.71,10.35,10.59,6553100
AES,20110913,10.43,10.51,10.28,10.38,6985700
AES,20110912,10.08,10.41,10.08,10.40,7209300
AES,20110909,10.49,10.59,10.21,10.33,7673100
AES,20110908,10.87,10.98,10.66,10.68,7097200
AES,20110907,10.74,10.98,10.56,10.86,10993700
AES,20110906,9.97,10.56,9.88,10.53,11678700
AES,20110902,10.43,10.50,10.23,10.32,5475800
AES,20110901,10.85,10.92,10.63,10.64,6646900
AES,20110831,10.77,10.94,10.72,10.86,5256200
AES,20110830,10.83,10.89,10.62,10.65,5946000
AES,20110829,10.56,10.88,10.55,10.87,4429900
AES,20110826,10.16,10.47,9.90,10.35,5355700
AES,20110825,10.69,10.76,10.09,10.23,8183100
AES,20110824,10.38,10.69,10.38,10.66,4596200
AES,20110823,10.22,10.47,10.05,10.47,5797000
AES,20110822,10.42,10.62,10.04,10.17,9074800
AES,20110819,10.31,10.50,10.16,10.18,8231600
AES,20110818,10.60,10.65,10.22,10.45,11701400
AES,20110817,10.97,11.23,10.81,10.91,6814100
AES,20110816,10.92,11.02,10.75,10.88,6208300
AES,20110815,10.60,11.04,10.60,11.02,5832000
AES,20110812,10.49,10.78,10.46,10.51,9171200
AES,20110811,9.71,10.56,9.71,10.43,15999700
AES,20110810,9.69,9.91,9.42,9.68,15179700
AES,20110809,9.69,9.95,9.32,9.90,12565600
AES,20110808,10.44,10.48,9.22,9.60,16622900
AES,20110805,11.00,11.15,10.49,10.82,14234300
AES,20110804,11.45,11.51,10.75,10.75,11527600
AES,20110803,11.71,11.79,11.33,11.69,10343500
AES,20110802,12.05,12.13,11.70,11.73,10841000
AES,20110801,12.39,12.43,12.06,12.18,5516200
AES,20110729,12.35,12.55,12.18,12.31,5647500
AES,20110728,12.69,12.73,12.44,12.46,6857000
AES,20110727,12.72,12.84,12.69,12.71,9696300
AES,20110726,12.90,12.90,12.69,12.80,4852500
AES,20110725,12.59,12.95,12.55,12.88,9087400
AES,20110722,12.81,12.81,12.62,12.68,2330000
AES,20110721,12.67,12.80,12.64,12.78,6608300
AES,20110720,12.56,12.67,12.49,12.58,3693000
AES,20110719,12.35,12.56,12.32,12.53,6231200
AES,20110718,12.43,12.47,12.16,12.29,5956700
AES,20110715,12.64,12.67,12.42,12.54,4461200
AES,20110714,12.68,12.80,12.53,12.58,5960500
AES,20110713,12.70,12.84,12.66,12.70,6542600
AES,20110712,12.67,12.83,12.65,12.65,4860100
AES,20110711,12.89,12.89,12.71,12.75,4083700
AES,20110708,13.00,13.07,12.90,13.06,3833200
AES,20110707,13.08,13.20,13.05,13.13,5681500
AES,20110706,12.85,13.00,12.72,12.97,6736300
AES,20110705,13.05,13.16,12.80,12.84,7324500
AES,20110701,12.73,12.98,12.68,12.98,3636300
AES,20110630,12.68,12.76,12.57,12.74,6323300
AES,20110629,12.48,12.68,12.38,12.60,6783900
AES,20110628,12.26,12.58,12.22,12.46,6109300
AES,20110627,12.18,12.22,12.07,12.21,4527300
AES,20110624,12.23,12.29,12.05,12.12,6366100
AES,20110623,12.17,12.23,12.03,12.21,8830000
AES,20110622,12.43,12.54,12.34,12.34,4066400
AES,20110621,12.35,12.53,12.28,12.49,5289000
AES,20110620,12.20,12.41,12.16,12.27,5362900
AES,20110617,12.30,12.41,12.20,12.27,4804100
AES,20110616,12.17,12.33,12.10,12.17,6401500
AES,20110615,12.23,12.31,12.04,12.07,6695800
AES,20110614,12.52,12.52,12.17,12.30,8532700
AES,20110613,12.33,12.47,12.27,12.37,5038200
AES,20110610,12.33,12.40,12.24,12.31,6762200
AES,20110609,12.35,12.44,12.26,12.44,7414800
AES,20110608,12.33,12.47,12.30,12.35,4061500
AES,20110607,12.34,12.45,12.23,12.33,5616300
AES,20110606,12.42,12.47,12.27,12.30,5743200
AES,20110603,12.36,12.53,12.26,12.46,4669600
AES,20110602,12.69,12.72,12.50,12.54,5789000
AES,20110601,12.93,13.00,12.69,12.74,5983500
AES,20110531,12.88,12.98,12.80,12.96,4451900
AES,20110527,12.74,12.82,12.68,12.76,2037500
AES,20110526,12.80,12.86,12.63,12.71,6207300
AES,20110525,12.42,12.82,12.36,12.74,7258700
AES,20110524,12.57,12.63,12.45,12.47,9694400
AES,20110523,12.85,12.87,12.49,12.52,9611900
AES,20110520,13.06,13.17,12.95,13.02,10225900
AES,20110519,12.76,12.93,12.70,12.93,7940900
AES,20110518,12.40,12.74,12.30,12.66,8981700
AES,20110517,12.47,12.52,12.37,12.40,7324600
AES,20110516,12.45,12.58,12.36,12.53,5710600
AES,20110513,12.64,12.70,12.38,12.44,6763600
AES,20110512,12.79,12.85,12.50,12.58,9300000
AES,20110511,13.07,13.11,12.73,12.82,6003400
AES,20110510,13.23,13.24,12.91,13.05,8304300
AES,20110509,12.96,13.20,12.81,13.14,6166400
AES,20110506,13.10,13.23,12.86,12.93,4805700
AES,20110505,12.96,13.24,12.82,12.93,6907400
AES,20110504,13.22,13.23,13.03,13.05,5214000
AES,20110503,13.22,13.39,13.15,13.26,6524600
AES,20110502,13.30,13.42,13.19,13.19,3965600
AES,20110429,13.16,13.35,13.10,13.24,3818300
AES,20110428,12.98,13.23,12.88,13.20,7102400
AES,20110427,12.95,13.06,12.87,13.01,10399300
AES,20110426,12.96,12.99,12.84,12.90,6600000
AES,20110425,12.98,12.98,12.85,12.89,4439600
AES,20110421,12.94,13.08,12.87,13.01,6972500
AES,20110420,12.90,13.27,12.78,12.88,12797800
AES,20110419,12.54,12.66,12.45,12.47,6531700
AES,20110418,12.64,12.67,12.42,12.53,6708800
AES,20110415,12.78,12.84,12.69,12.83,5609300
AES,20110414,12.66,12.84,12.52,12.78,5279300
AES,20110413,12.68,12.83,12.67,12.75,3374400
AES,20110412,12.80,12.85,12.57,12.64,4088500
AES,20110411,13.30,13.30,12.82,12.88,4191100
AES,20110408,13.34,13.50,13.20,13.26,4917200
AES,20110407,13.18,13.24,13.08,13.22,3534600
AES,20110406,12.90,13.33,12.90,13.23,7073500
AES,20110405,12.95,13.04,12.90,12.91,2656900
AES,20110404,13.12,13.22,12.95,13.01,3723800
AES,20110401,13.06,13.15,12.95,13.09,3579400
AES,20110331,13.01,13.06,12.89,13.00,4404800
AES,20110330,12.91,13.15,12.90,13.07,6080500
AES,20110329,12.67,12.84,12.58,12.84,3122900
AES,20110328,12.75,12.88,12.59,12.59,2907800
AES,20110325,12.59,12.75,12.43,12.71,3968100
AES,20110324,12.50,12.71,12.40,12.57,3445400
AES,20110323,12.43,12.53,12.31,12.46,5071100
AES,20110322,12.66,12.71,12.37,12.47,4235300
AES,20110321,12.56,12.72,12.47,12.62,5351600
AES,20110318,12.88,12.97,12.30,12.31,7875900
AES,20110317,12.50,12.77,12.38,12.75,7367900
AES,20110316,12.50,12.54,12.09,12.21,7782400
AES,20110315,12.39,12.66,12.25,12.57,6114600
AES,20110314,12.97,12.97,12.51,12.74,9703300
AES,20110311,13.14,13.24,13.05,13.10,4166100
AES,20110310,13.20,13.29,12.97,13.11,4494500
AES,20110309,13.18,13.40,12.91,13.38,4423000
AES,20110308,12.98,13.25,12.98,13.25,4902100
AES,20110307,13.13,13.20,12.87,12.97,5035900
AES,20110304,13.12,13.19,13.01,13.09,5255600
AES,20110303,12.95,13.13,12.91,13.11,5489600
AES,20110302,12.73,12.90,12.65,12.81,4584800
AES,20110301,12.41,13.01,12.41,12.73,8236200
AES,20110228,12.30,12.60,12.24,12.37,5660300
AES,20110225,12.17,12.39,12.10,12.26,3832100
AES,20110224,12.23,12.28,11.99,12.07,4778800
AES,20110223,12.36,12.43,12.22,12.25,3983700
AES,20110222,12.71,12.72,12.32,12.34,4990500
AES,20110218,12.86,12.92,12.79,12.88,3105600
AES,20110217,12.47,12.88,12.46,12.84,4178400
AES,20110216,12.57,12.57,12.32,12.53,3751800
AES,20110215,12.51,12.57,12.44,12.53,3080000
AES,20110214,12.47,12.58,12.46,12.54,4059700
AES,20110211,12.38,12.50,12.19,12.45,5104900
AES,20110210,12.28,12.60,12.28,12.49,5538700
AES,20110209,12.34,12.43,12.26,12.35,3333500
AES,20110208,12.55,12.61,12.47,12.51,4221300
AES,20110207,12.43,12.57,12.37,12.55,2638400
AES,20110204,12.55,12.57,12.29,12.42,3997700
AES,20110203,12.50,12.57,12.30,12.56,5999000
AES,20110202,12.56,12.71,12.44,12.56,3680300
AES,20110201,12.49,12.78,12.39,12.66,7967900
AES,20110131,12.44,12.52,12.19,12.40,7283800
AES,20110128,12.65,12.76,12.33,12.37,6497200
AES,20110127,12.60,12.86,12.56,12.65,6544200
AES,20110126,12.76,12.86,12.60,12.63,6345800
AES,20110125,12.90,12.98,12.80,12.83,4946200
AES,20110124,12.92,12.98,12.83,12.94,8125000
AES,20110121,13.10,13.10,12.82,12.86,4633500
AES,20110120,12.75,13.05,12.71,12.92,6327200
AES,20110119,12.91,13.00,12.58,12.75,4876200
AES,20110118,12.95,13.10,12.90,12.95,3881200
AES,20110114,12.90,13.09,12.87,12.99,3217600
AES,20110113,12.94,13.08,12.84,12.93,2484800
AES,20110112,13.22,13.27,12.86,12.94,8323300
AES,20110111,13.03,13.26,12.93,13.14,8020900
AES,20110110,12.90,13.00,12.81,12.97,4636800
AES,20110107,12.99,13.17,12.81,12.99,10993300
AES,20110106,12.74,13.00,12.63,12.99,13255400
AES,20110105,12.51,12.85,12.46,12.77,9064600
AES,20110104,12.52,12.60,12.39,12.60,5636100
AES,20110103,12.34,12.68,12.23,12.54,10313500
AES,20101231,12.16,12.27,12.15,12.18,2171400
AES,20101230,12.12,12.27,12.10,12.20,2636800
AES,20101229,12.12,12.17,12.09,12.15,1818000
AES,20101228,12.18,12.20,12.04,12.09,2481000
AES,20101227,12.15,12.21,12.10,12.17,2415500
AES,20101223,12.35,12.41,12.23,12.23,8260700
AES,20101222,12.08,12.46,12.05,12.36,8952400
AES,20101221,11.76,12.28,11.75,12.12,13015300
AES,20101220,11.53,11.76,11.52,11.76,5309100
AES,20101217,11.32,11.48,11.28,11.44,8934800
AES,20101216,11.19,11.32,11.09,11.31,2722200
AES,20101215,11.25,11.38,11.15,11.19,3390200
AES,20101214,11.40,11.46,11.24,11.31,3297800
AES,20101213,11.46,11.46,11.35,11.39,2364400
AES,20101210,11.35,11.45,11.31,11.39,2152000
AES,20101209,11.44,11.52,11.33,11.35,3719800
AES,20101208,11.46,11.54,11.27,11.35,2912800
AES,20101207,11.62,11.70,11.40,11.43,6437900
AES,20101206,11.36,11.57,11.28,11.49,6901900
AES,20101203,11.16,11.43,11.16,11.40,6374600
AES,20101202,10.95,11.30,10.91,11.27,9026500
AES,20101201,10.95,11.00,10.87,10.92,5010400
AES,20101130,10.72,10.85,10.70,10.81,5082400
AES,20101129,10.83,10.91,10.70,10.86,5658400
AES,20101126,10.85,11.10,10.81,10.93,3612200
AES,20101124,10.94,11.07,10.79,10.90,8759500
AES,20101123,11.11,11.13,10.87,10.89,6218300
AES,20101122,11.21,11.33,11.01,11.27,5404300
AES,20101119,11.44,11.46,11.19,11.25,6759900
AES,20101118,11.61,11.64,11.46,11.47,6577500
AES,20101117,11.42,11.63,11.35,11.51,5744800
AES,20101116,11.50,11.54,11.22,11.47,8100200
AES,20101115,11.52,11.70,11.52,11.56,5054400
AES,20101112,11.63,11.66,11.42,11.46,4713300
AES,20101111,11.59,11.73,11.52,11.70,3801500
AES,20101110,11.63,11.71,11.51,11.70,4841600
AES,20101109,11.77,11.87,11.62,11.68,6237000
AES,20101108,11.75,11.79,11.61,11.76,6024900
AES,20101105,11.93,11.97,11.71,11.76,4493200
AES,20101104,11.96,12.11,11.87,11.95,7175900
AES,20101103,11.96,12.03,11.70,11.90,3646500
AES,20101102,12.00,12.02,11.89,11.96,4873500
AES,20101101,12.06,12.14,11.73,11.83,4552300
AES,20101029,11.94,12.11,11.90,11.94,4196000
AES,20101028,11.98,12.08,11.89,11.96,2816200
AES,20101027,11.95,11.98,11.66,11.87,5976600
AES,20101026,12.24,12.25,12.04,12.11,4616500
AES,20101025,12.46,12.49,12.25,12.32,4112800
AES,20101022,12.21,12.36,12.18,12.31,3706800
AES,20101021,12.30,12.41,12.05,12.18,6679500
AES,20101020,12.20,12.37,12.17,12.25,5910500
AES,20101019,12.25,12.38,12.10,12.18,5499400
AES,20101018,12.34,12.52,12.28,12.46,4602800
AES,20101015,12.45,12.49,12.21,12.32,4647200
AES,20101014,12.49,12.54,12.25,12.28,5117400
AES,20101013,12.38,12.54,12.31,12.52,5852100
AES,20101012,12.24,12.34,12.12,12.30,5162100
AES,20101011,12.04,12.41,12.00,12.22,6411600
AES,20101008,11.84,12.04,11.77,11.97,3579700
AES,20101007,11.80,11.83,11.69,11.80,3926000
AES,20101006,11.63,11.77,11.58,11.75,3722600
AES,20101005,11.55,11.73,11.51,11.68,3050800
AES,20101004,11.50,11.60,11.30,11.37,2770400
AES,20101001,11.44,11.57,11.38,11.54,3966600
AES,20100930,11.47,11.57,11.21,11.35,4932400
AES,20100929,11.37,11.50,11.21,11.39,5841500
AES,20100928,11.44,11.50,11.25,11.48,5047100
AES,20100927,11.35,11.50,11.33,11.39,4021700
AES,20100924,11.24,11.36,11.16,11.35,3086000
AES,20100923,11.12,11.17,11.02,11.09,3272600
AES,20100922,11.31,11.44,11.14,11.25,4167900
AES,20100921,11.36,11.54,11.21,11.38,6998200
AES,20100920,10.88,11.41,10.88,11.38,5320900
AES,20100917,11.01,11.04,10.78,10.88,4327700
AES,20100916,10.88,10.97,10.77,10.90,1989300
AES,20100915,11.15,11.16,10.88,10.98,4611000
AES,20100914,11.10,11.29,11.02,11.19,3480600
AES,20100913,11.17,11.21,11.07,11.16,4350400
AES,20100910,11.08,11.12,11.00,11.05,2354400
AES,20100909,11.15,11.19,10.96,11.11,2883500
AES,20100908,11.06,11.24,10.97,11.02,3858400
AES,20100907,11.02,11.05,10.85,11.00,2900000
AES,20100903,10.95,11.15,10.91,11.14,3586800
AES,20100902,10.70,10.93,10.56,10.93,3722600
AES,20100901,10.36,10.68,10.29,10.66,5449500
AES,20100831,10.35,10.49,10.21,10.24,6239500
AES,20100830,10.57,10.63,10.39,10.40,2539900
AES,20100827,10.51,10.63,10.29,10.60,4382500
AES,20100826,10.52,10.62,10.35,10.40,7604100
AES,20100825,10.26,10.49,10.13,10.43,7568200
AES,20100824,10.31,10.46,10.21,10.27,6723400
AES,20100823,10.47,10.63,10.42,10.46,3269500
AES,20100820,10.50,10.54,10.37,10.40,5073600
AES,20100819,10.85,10.85,10.56,10.58,4523900
AES,20100818,10.90,11.05,10.82,10.90,4265800
AES,20100817,10.77,11.04,10.63,10.93,4741200
AES,20100816,10.54,10.77,10.33,10.66,4505900
AES,20100813,10.52,10.95,10.51,10.62,4378100
AES,20100812,10.48,10.75,10.30,10.59,4506800
AES,20100811,10.96,11.01,10.60,10.61,5679800
AES,20100810,10.93,11.40,10.91,11.16,9361500
AES,20100809,10.70,11.14,10.66,11.07,9045600
AES,20100806,10.56,10.71,10.03,10.65,7938200
AES,20100805,10.45,10.74,10.42,10.67,4052200
AES,20100804,10.44,10.60,10.33,10.54,3318000
AES,20100803,10.69,10.75,10.42,10.45,5012400
AES,20100802,10.46,10.79,10.46,10.76,5462900
AES,20100730,10.22,10.37,10.12,10.31,4133400
AES,20100729,10.66,10.68,10.27,10.34,4291500
AES,20100728,10.63,10.69,10.49,10.55,3270600
AES,20100727,10.54,10.71,10.43,10.71,6921900
AES,20100726,10.43,10.50,10.36,10.47,4165100
AES,20100723,10.39,10.49,10.26,10.46,5933900
AES,20100722,10.16,10.43,10.11,10.39,5488100
AES,20100721,10.28,10.33,9.96,10.03,4990300
AES,20100720,9.90,10.30,9.89,10.25,4050500
AES,20100719,10.08,10.14,9.97,10.07,3161100
AES,20100716,10.11,10.14,9.91,9.98,7567800
AES,20100715,10.17,10.23,10.00,10.20,5184700
AES,20100714,10.16,10.39,10.10,10.21,5886900
AES,20100713,10.41,10.46,10.16,10.23,4839100
AES,20100712,10.17,10.28,10.07,10.25,6444500
AES,20100709,9.67,10.27,9.67,10.23,12917700
AES,20100708,10.06,10.06,9.65,9.79,8103800
AES,20100707,9.00,9.92,8.95,9.86,17659400
AES,20100706,9.26,9.39,8.82,8.90,8637100
AES,20100702,9.17,9.35,9.04,9.12,4869900
AES,20100701,9.20,9.23,8.99,9.09,8170600
AES,20100630,9.24,9.49,9.15,9.24,9740700
AES,20100629,9.63,9.66,9.22,9.25,8416200
AES,20100628,9.97,9.97,9.72,9.77,4400100
AES,20100625,9.75,9.97,9.65,9.86,16158400
AES,20100624,9.98,10.06,9.66,9.68,9017100
AES,20100623,10.17,10.20,9.91,10.02,5447400
AES,20100622,10.55,10.59,10.14,10.17,7157500
AES,20100621,10.67,10.82,10.42,10.54,6078400
AES,20100618,10.57,10.61,10.46,10.51,9506500
AES,20100617,10.76,10.76,10.38,10.60,6574600
AES,20100616,10.54,10.75,10.49,10.65,5949800
AES,20100615,10.51,10.78,10.43,10.75,6026200
AES,20100614,10.49,10.64,10.36,10.38,6985600
AES,20100611,10.21,10.41,10.20,10.38,6375900
AES,20100610,10.05,10.44,10.04,10.36,10847200
AES,20100609,9.78,10.14,9.76,9.80,9222400
AES,20100608,9.65,9.78,9.46,9.70,7460400
AES,20100607,9.61,9.92,9.59,9.61,8153400
AES,20100604,9.69,10.00,9.55,9.60,9550900
AES,20100603,9.82,10.04,9.68,9.99,8443400
AES,20100602,9.62,9.85,9.51,9.85,10818700
AES,20100601,10.08,10.13,9.46,9.47,13109100
AES,20100528,10.25,10.48,10.17,10.27,6248800
AES,20100527,10.08,10.26,9.57,10.23,7576300
AES,20100526,9.80,10.08,9.72,9.92,14321800
AES,20100525,9.08,9.64,8.94,9.63,12754200
AES,20100524,9.58,9.62,9.32,9.35,7644000
AES,20100521,9.07,9.63,9.01,9.62,16178900
AES,20100520,9.47,9.54,9.18,9.22,15322700
AES,20100519,9.92,10.03,9.67,9.82,11239000
AES,20100518,10.40,10.44,9.90,10.00,11212900
AES,20100517,10.69,10.74,10.15,10.36,11305100
AES,20100514,10.90,10.90,10.52,10.66,6201700
AES,20100513,11.05,11.12,10.85,10.90,4872900
AES,20100512,10.96,11.12,10.89,11.11,8417500
AES,20100511,10.56,10.99,10.38,10.79,10012500
AES,20100510,10.48,11.18,10.44,10.65,12474900
AES,20100507,10.56,10.63,9.74,9.89,21615000
AES,20100506,11.02,11.13,9.99,10.71,15479200
AES,20100505,11.31,11.52,11.05,11.09,9716700
AES,20100504,11.84,11.88,11.53,11.61,9795900
AES,20100503,11.64,12.10,11.53,12.06,9668400
AES,20100430,11.80,11.90,11.54,11.54,6231400
AES,20100429,11.74,11.91,11.64,11.70,5705600
AES,20100428,11.76,11.92,11.55,11.68,7572500
AES,20100427,12.12,12.12,11.64,11.65,14631900
AES,20100426,12.38,12.38,12.12,12.15,11074900
AES,20100423,12.36,12.46,12.19,12.37,8605300
AES,20100422,12.17,12.39,11.94,12.34,10427500
AES,20100421,11.89,12.28,11.89,12.27,9541200
AES,20100420,11.61,11.96,11.60,11.94,8423300
AES,20100419,11.48,11.64,11.48,11.56,8793500
AES,20100416,11.75,11.82,11.47,11.56,19693700
AES,20100415,11.63,11.92,11.56,11.77,7787900
AES,20100414,11.30,11.68,11.25,11.63,9120200
AES,20100413,11.28,11.30,11.09,11.26,6883700
AES,20100412,11.36,11.46,11.25,11.28,5488400
AES,20100409,11.31,11.39,11.20,11.28,7910400
AES,20100408,11.33,11.38,11.23,11.28,7767700
AES,20100407,11.78,11.82,11.36,11.40,7835700
AES,20100406,11.53,11.86,11.48,11.81,8670800
AES,20100405,11.37,11.63,11.27,11.60,11366000
AES,20100401,11.07,11.36,11.06,11.30,7927400
AES,20100331,10.96,11.12,10.83,11.00,9039400
AES,20100330,11.22,11.23,11.00,11.07,6992400
AES,20100329,10.91,11.26,10.91,11.24,8027400
AES,20100326,10.87,10.97,10.77,10.86,8682500
AES,20100325,11.04,11.15,10.73,10.76,15058400
AES,20100324,11.17,11.21,11.01,11.02,11099100
AES,20100323,11.25,11.36,11.11,11.23,8879000
AES,20100322,11.41,11.42,11.18,11.27,13088000
AES,20100319,11.46,11.81,11.40,11.46,9708900
AES,20100318,11.75,11.83,11.51,11.56,5940400
AES,20100317,11.94,12.00,11.71,11.76,8994000
AES,20100316,11.80,11.88,11.61,11.88,5306200
AES,20100315,11.66,11.66,11.43,11.57,8602400
AES,20100312,11.69,11.71,11.54,11.66,5814100
AES,20100311,11.24,11.64,11.24,11.60,9167800
AES,20100310,11.44,11.44,11.16,11.26,12657900
AES,20100309,11.41,11.48,11.33,11.40,7163700
AES,20100308,11.59,11.70,11.46,11.49,8339500
AES,20100305,11.40,11.65,11.36,11.58,6780000
AES,20100304,11.46,11.55,11.25,11.32,6509100
AES,20100303,11.41,11.63,11.28,11.52,8599500
AES,20100302,11.18,11.64,11.18,11.24,13684800
AES,20100301,11.74,11.74,11.08,11.17,16674600
AES,20100226,11.77,11.95,11.55,11.69,7000100
AES,20100225,11.62,11.76,11.51,11.70,6364800
AES,20100224,11.82,11.86,11.60,11.80,6354300
AES,20100223,11.96,12.03,11.75,11.77,5440300
AES,20100222,12.29,12.29,11.94,12.00,4871600
AES,20100219,11.95,12.18,11.85,12.18,6705500
AES,20100218,11.98,12.12,11.94,12.03,7280800
AES,20100217,11.93,12.04,11.78,12.03,11136400
AES,20100216,11.91,11.94,11.69,11.85,18712000
AES,20100212,11.79,11.80,11.62,11.77,10828700
AES,20100211,11.90,11.98,11.74,11.95,8128500
AES,20100210,12.15,12.15,11.80,11.94,8151700
AES,20100209,11.94,12.33,11.90,12.13,9419700
AES,20100208,11.80,11.99,11.66,11.75,5248400
AES,20100205,11.82,11.95,11.46,11.73,9749800
AES,20100204,12.77,12.83,11.82,11.84,16486600
AES,20100203,12.99,13.18,12.85,12.90,3366700
AES,20100202,12.88,13.15,12.76,13.12,4175300
AES,20100201,12.66,12.91,12.48,12.89,5797700
AES,20100129,12.79,12.83,12.54,12.63,13698800
AES,20100128,12.89,12.99,12.47,12.68,8794600
AES,20100127,13.07,13.08,12.50,12.88,11971700
AES,20100126,13.31,13.31,13.03,13.07,4829400
AES,20100125,13.19,13.48,13.09,13.41,6202100
AES,20100122,13.39,13.47,13.00,13.02,6531300
AES,20100121,13.73,13.90,13.28,13.37,6068000
AES,20100120,14.00,14.00,13.56,13.71,6220700
AES,20100119,14.03,14.22,13.87,14.13,4699300
AES,20100115,14.02,14.22,13.80,14.04,5588400
AES,20100114,14.02,14.24,14.00,14.09,4320900
AES,20100113,13.74,14.14,13.71,14.08,5488500
AES,20100112,13.80,13.87,13.67,13.71,5703200
AES,20100111,13.77,14.01,13.76,13.87,8616600
AES,20100108,13.39,13.82,13.35,13.78,5647500
AES,20100107,13.37,13.58,13.15,13.40,16843500
AES,20100106,13.45,13.74,13.38,13.39,7507300
AES,20100105,13.67,13.84,13.50,13.53,5093200
AES,20100104,13.38,13.70,13.38,13.67,4597600
AES,20091231,13.66,13.72,13.31,13.31,3479800
AES,20091230,13.66,13.67,13.50,13.67,2500000
AES,20091229,13.92,13.95,13.67,13.68,3744600
AES,20091228,13.90,13.97,13.80,13.94,2762300
AES,20091224,13.88,13.98,13.80,13.89,1523900
AES,20091223,13.70,13.93,13.62,13.90,3908900
AES,20091222,13.86,13.92,13.54,13.66,4473800
AES,20091221,13.82,14.00,13.76,13.84,3496500
AES,20091218,13.90,14.13,13.73,13.76,6330500
AES,20091217,13.82,14.00,13.59,13.77,5412400
AES,20091216,13.79,14.04,13.61,14.00,7268100
AES,20091215,13.32,13.82,13.23,13.67,10625200
AES,20091214,13.22,13.49,13.06,13.46,5635200
AES,20091211,12.71,13.08,12.59,13.08,5113000
AES,20091210,12.58,12.84,12.50,12.74,7470000
AES,20091209,12.90,12.94,12.56,12.73,5799600
AES,20091208,13.16,13.19,12.81,12.87,5298300
AES,20091207,13.38,13.49,13.25,13.29,4851800
AES,20091204,13.21,13.38,12.96,13.36,12726400
AES,20091203,13.07,13.20,12.92,13.00,4674000
AES,20091202,13.16,13.35,13.00,13.06,6082100
AES,20091201,12.83,13.18,12.83,13.14,6708000
AES,20091130,12.82,12.91,12.62,12.74,6611200
AES,20091127,12.67,12.99,12.56,12.78,3822300
AES,20091125,12.69,13.23,12.61,13.20,6108200
AES,20091124,12.81,12.90,12.59,12.65,6118800
AES,20091123,12.84,12.92,12.73,12.84,8673400
AES,20091120,12.79,12.85,12.56,12.65,10599200
AES,20091119,13.23,13.24,12.78,12.85,8682900
AES,20091118,13.25,13.47,13.23,13.29,4713800
AES,20091117,13.63,13.65,13.21,13.30,5920500
AES,20091116,13.56,13.76,13.38,13.66,6124800
AES,20091113,13.07,13.49,13.07,13.39,6412400
AES,20091112,13.50,13.66,13.03,13.06,9127400
AES,20091111,13.97,13.98,13.50,13.59,14172600
AES,20091110,13.79,13.96,13.70,13.81,13062600
AES,20091109,13.98,14.12,13.62,13.92,18973300
AES,20091106,13.74,14.46,13.63,14.03,12662300
AES,20091105,13.43,13.87,13.43,13.86,4279300
AES,20091104,13.41,13.78,13.24,13.30,6964400
AES,20091103,13.13,13.39,13.10,13.31,5404200
AES,20091102,13.06,13.61,12.95,13.21,7753400
AES,20091030,13.49,13.57,12.95,13.07,11762300
AES,20091029,12.98,13.55,12.95,13.54,8741700
AES,20091028,13.70,13.72,12.78,12.81,11483400
AES,20091027,13.81,13.98,13.38,13.74,9310200
AES,20091026,14.36,14.64,13.76,13.83,6555300
AES,20091023,15.00,15.02,14.13,14.22,6748100
AES,20091022,15.13,15.17,14.75,14.96,5905900
AES,20091021,14.90,15.44,14.79,15.11,5471000
AES,20091020,15.14,15.20,14.83,14.83,6375200
AES,20091019,14.85,15.19,14.65,15.16,4193600
AES,20091016,14.80,14.95,14.53,14.78,6021500
AES,20091015,15.02,15.05,14.72,14.97,4403700
AES,20091014,14.90,15.03,14.70,15.00,5683000
AES,20091013,14.87,14.89,14.59,14.78,3963500
AES,20091012,14.86,14.97,14.76,14.85,3292200
AES,20091009,14.83,14.97,14.78,14.81,4118600
AES,20091008,14.89,15.00,14.73,14.83,6799600
AES,20091007,14.76,14.89,14.60,14.83,5640700
AES,20091006,14.87,14.94,14.50,14.78,7383400
AES,20091005,13.87,14.71,13.80,14.70,7169000
AES,20091002,13.69,13.94,13.41,13.78,6396300
AES,20091001,14.77,14.83,13.83,13.83,8785300
AES,20090930,15.37,15.37,14.66,14.82,8354800
AES,20090929,14.97,15.32,14.86,15.24,6611900
AES,20090928,14.34,15.00,14.34,14.90,3734400
AES,20090925,14.51,14.59,14.25,14.32,4574100
AES,20090924,14.95,15.11,14.43,14.60,6930300
AES,20090923,15.07,15.34,14.90,14.92,7580600
AES,20090922,14.73,15.19,14.58,15.18,9489200
AES,20090921,14.38,14.66,13.95,14.63,8243800
AES,20090918,14.49,14.67,14.16,14.39,6844700
AES,20090917,15.01,15.09,14.32,14.35,5895300
AES,20090916,14.76,15.11,14.55,14.99,8106600
AES,20090915,14.88,14.90,14.49,14.72,7069500
AES,20090914,14.30,14.88,14.19,14.79,11398600
AES,20090911,14.12,14.24,13.95,14.15,4191800
AES,20090910,14.05,14.17,13.81,14.14,4134200
AES,20090909,13.84,14.10,13.66,14.10,4936400
AES,20090908,13.64,13.86,13.51,13.79,4946400
AES,20090904,13.31,13.50,13.23,13.50,3802000
AES,20090903,13.30,13.35,13.06,13.28,3990000
AES,20090902,13.13,13.30,12.79,13.19,7777200
AES,20090901,13.64,13.95,13.24,13.25,6257400
AES,20090831,13.82,13.86,13.57,13.67,4466900
AES,20090828,14.02,14.06,13.70,13.92,5537600
AES,20090827,14.22,14.30,13.78,13.91,5293800
AES,20090826,14.00,14.27,13.77,14.23,7074900
AES,20090825,14.46,14.63,13.99,14.01,6946900
AES,20090824,14.35,14.55,14.27,14.42,7951300
AES,20090821,14.04,14.32,13.91,14.26,5535100
AES,20090820,13.75,13.96,13.70,13.93,3993200
AES,20090819,13.58,13.79,13.44,13.72,7368900
AES,20090818,13.47,13.73,13.36,13.71,4699300
AES,20090817,13.43,13.50,13.25,13.42,6332000
AES,20090814,13.88,14.03,13.59,13.79,4288700
AES,20090813,13.98,14.05,13.67,13.92,6979800
AES,20090812,13.34,14.01,13.34,13.88,6899900
AES,20090811,13.84,13.91,13.41,13.43,7822600
AES,20090810,13.83,14.10,13.52,13.98,11061600
AES,20090807,13.96,14.19,13.43,13.88,11750400
AES,20090806,13.07,13.24,12.84,13.14,6504600
AES,20090805,13.18,13.28,12.93,13.09,4287600
AES,20090804,13.12,13.39,13.00,13.14,6852400
AES,20090803,13.03,13.22,12.82,13.20,6366600
AES,20090731,12.76,12.95,12.65,12.79,4436900
AES,20090730,12.36,12.96,12.36,12.84,5916100
AES,20090729,12.39,12.46,12.06,12.21,5502400
AES,20090728,12.84,13.01,12.31,12.47,6727300
AES,20090727,12.76,13.03,12.56,12.98,7313400
AES,20090724,12.51,13.24,12.42,13.06,9957100
AES,20090723,11.97,12.63,11.88,12.51,7936900
AES,20090722,12.15,12.28,11.98,12.05,6672000
AES,20090721,12.42,12.49,12.06,12.25,8858200
AES,20090720,12.07,12.35,11.98,12.31,7823200
AES,20090717,12.06,12.21,11.82,11.93,4734400
AES,20090716,12.01,12.16,11.69,12.09,5473000
AES,20090715,11.69,12.15,11.63,12.11,9448800
AES,20090714,11.46,11.72,11.30,11.59,9162600
AES,20090713,11.19,11.49,10.87,11.46,6540800
AES,20090710,11.04,11.21,10.84,11.18,5462700
AES,20090709,11.06,11.30,10.80,11.16,5294700
AES,20090708,10.95,11.26,10.67,11.01,13049700
AES,20090707,11.12,11.30,10.86,10.90,11618100
AES,20090706,11.21,11.36,10.93,11.12,11746300
AES,20090702,11.60,11.67,11.29,11.29,10417200
AES,20090701,11.66,11.88,11.66,11.76,10775700
AES,20090630,11.44,11.64,10.98,11.61,13424900
AES,20090629,10.95,11.48,10.80,11.46,9186500
AES,20090626,11.04,11.06,10.61,10.87,9040900
AES,20090625,10.54,11.16,10.37,11.12,13536000
AES,20090624,10.14,10.65,10.10,10.58,20811300
AES,20090623,9.14,9.67,9.14,9.63,9504500
AES,20090622,9.60,9.70,9.03,9.16,8381500
AES,20090619,9.70,10.05,9.69,9.75,6831800
AES,20090618,9.68,9.93,9.55,9.61,7570200
AES,20090617,9.97,10.05,9.64,9.69,6401800
AES,20090616,10.14,10.37,9.86,9.98,5757400
AES,20090615,10.66,10.66,9.88,10.08,7724700
AES,20090612,10.36,10.79,10.21,10.69,7467700
AES,20090611,10.17,10.71,10.16,10.42,7226000
AES,20090610,10.18,10.32,9.90,10.12,6925000
AES,20090609,10.30,10.42,9.94,10.07,6728900
AES,20090608,10.33,10.34,10.10,10.24,5302400
AES,20090605,10.70,10.72,10.26,10.31,7095100
AES,20090604,10.12,10.56,10.06,10.43,8523700
AES,20090603,10.40,10.49,9.90,10.03,7340700
AES,20090602,10.66,10.73,10.45,10.52,7394400
AES,20090601,10.19,10.74,10.16,10.68,11332200
AES,20090529,9.57,10.01,9.36,9.99,11786800
AES,20090528,8.99,9.59,8.91,9.51,10365100
AES,20090527,9.01,9.25,8.84,8.87,13844400
AES,20090526,8.67,9.02,8.53,8.99,7677400
AES,20090522,8.59,8.90,8.51,8.62,6998100
AES,20090521,8.73,8.97,8.54,8.68,5851100
AES,20090520,9.46,9.75,8.81,8.86,13249500
AES,20090519,9.11,9.62,9.01,9.55,9497300
AES,20090518,8.67,9.07,8.66,9.02,9292700
AES,20090515,9.04,9.17,8.43,8.55,8035700
AES,20090514,8.37,9.20,8.35,9.15,11755100
AES,20090513,8.84,8.91,8.34,8.37,7030600
AES,20090512,9.04,9.10,8.77,8.99,5116700
AES,20090511,9.48,9.50,9.01,9.02,9216300
AES,20090508,8.39,9.72,8.27,9.62,19658900
AES,20090507,8.33,8.54,8.05,8.14,8234700
AES,20090506,8.29,8.50,8.19,8.23,6554400
AES,20090505,8.02,8.24,8.01,8.22,6910400
AES,20090504,7.68,8.24,7.68,8.11,15039400
AES,20090501,7.09,7.75,7.02,7.73,10006800
AES,20090430,6.86,7.26,6.80,7.07,15795200
AES,20090429,6.63,6.80,6.57,6.77,7842200
AES,20090428,6.52,6.70,6.33,6.58,8040500
AES,20090427,6.80,6.92,6.51,6.55,8696800
AES,20090424,6.79,6.99,6.70,6.92,6566600
AES,20090423,6.66,6.83,6.66,6.69,7213800
AES,20090422,6.75,6.84,6.66,6.70,7911200
AES,20090421,6.65,6.95,6.65,6.85,8861500
AES,20090420,6.82,6.89,6.51,6.56,11349600
AES,20090417,6.80,6.97,6.70,6.95,8443300
AES,20090416,6.64,6.85,6.52,6.75,9097400
AES,20090415,6.49,6.68,6.48,6.55,5095000
AES,20090414,6.48,6.69,6.42,6.52,7792600
AES,20090413,6.74,6.74,6.44,6.51,6918900
AES,20090409,6.67,6.90,6.49,6.76,10260600
AES,20090408,6.16,6.50,6.05,6.45,9214000
AES,20090407,6.17,6.26,6.00,6.12,6320100
AES,20090406,6.19,6.38,6.11,6.28,6633000
AES,20090403,6.25,6.30,6.08,6.27,7462500
AES,20090402,6.11,6.33,5.95,6.26,12624600
AES,20090401,5.73,5.98,5.62,5.92,5442400
AES,20090331,5.75,6.00,5.70,5.81,8344400
AES,20090330,6.14,6.14,5.58,5.65,9141300
AES,20090327,6.16,6.25,6.00,6.16,9192400
AES,20090326,6.36,6.36,6.06,6.25,12154400
AES,20090325,6.67,6.68,6.02,6.13,7357300
AES,20090324,6.69,6.74,6.38,6.50,5432400
AES,20090323,6.70,6.82,6.54,6.79,6179400
AES,20090320,6.64,6.75,6.29,6.42,7467800
AES,20090319,6.84,7.00,6.57,6.60,8610900
AES,20090318,6.37,6.84,6.25,6.79,6555100
AES,20090317,6.59,6.59,6.29,6.41,7025200
AES,20090316,6.22,6.76,6.22,6.57,7449900
AES,20090313,6.10,6.37,6.06,6.14,9870600
AES,20090312,5.56,6.12,5.44,6.05,9973200
AES,20090311,5.43,5.66,5.35,5.59,7976100
AES,20090310,5.06,5.37,4.91,5.31,8490400
AES,20090309,5.13,5.31,4.85,4.91,4887300
AES,20090306,4.98,5.31,4.89,5.11,12716200
AES,20090305,5.38,5.41,4.80,5.00,9046900
AES,20090304,5.35,5.67,5.35,5.52,5914300
AES,20090303,5.71,6.00,5.30,5.32,10663200
AES,20090302,6.14,6.27,5.55,5.60,10172200
AES,20090227,6.81,6.81,6.00,6.30,14217300
AES,20090226,6.59,6.97,6.51,6.96,9195700
AES,20090225,6.43,6.68,6.32,6.50,8849200
AES,20090224,6.44,6.85,6.33,6.82,4994600
AES,20090223,6.85,6.93,6.33,6.38,11160600
AES,20090220,7.15,7.20,6.55,6.71,8250000
AES,20090219,7.18,7.47,7.07,7.30,5488900
AES,20090218,7.25,7.31,6.95,7.09,6179500
AES,20090217,7.53,7.53,7.00,7.18,7875100
AES,20090213,7.86,8.00,7.67,7.74,4212500
AES,20090212,7.62,7.94,7.50,7.91,7101500
AES,20090211,8.01,8.15,7.75,7.90,5026900
AES,20090210,8.27,8.40,7.90,8.06,8339300
AES,20090209,8.65,8.65,8.20,8.26,4377700
AES,20090206,8.11,8.65,8.10,8.58,4496200
AES,20090205,8.28,8.43,7.90,8.24,4968500
AES,20090204,8.19,8.43,8.10,8.30,3687400
AES,20090203,8.02,8.19,7.89,8.13,4547500
AES,20090202,7.77,8.07,7.47,7.98,7927900
AES,20090130,8.27,8.48,7.85,7.91,5300100
AES,20090129,8.43,8.73,8.32,8.34,3375700
AES,20090128,8.88,8.93,8.58,8.67,4469800
AES,20090127,8.40,8.88,8.40,8.67,6964700
AES,20090126,8.28,8.70,8.22,8.47,7104600
AES,20090123,8.04,8.45,7.67,8.27,8043600
AES,20090122,8.13,8.29,8.00,8.15,5600700
AES,20090121,8.32,8.34,7.99,8.25,6321600
AES,20090120,8.51,8.66,8.02,8.05,6001300
AES,20090116,8.16,8.61,8.03,8.56,9378800
AES,20090115,8.12,8.16,7.58,7.94,11479300
AES,20090114,8.40,8.40,7.85,8.15,8978200
AES,20090113,8.95,9.00,8.35,8.49,7272300
AES,20090112,9.27,9.27,8.77,8.86,9114000
AES,20090109,9.29,9.40,9.03,9.28,6569000
AES,20090108,8.55,9.35,8.55,9.27,8120600
AES,20090107,9.28,9.37,8.89,9.03,6976900
AES,20090106,9.19,9.48,9.12,9.39,11239700
AES,20090105,8.67,9.14,8.42,9.13,8997500
AES,20090102,8.24,8.69,8.16,8.64,4888800
AES,20081231,8.10,8.47,8.10,8.24,6924100
AES,20081230,7.90,8.14,7.80,8.11,3412100
AES,20081229,7.76,7.96,7.58,7.85,5222300
AES,20081226,7.66,7.84,7.59,7.77,1695000
AES,20081224,7.63,7.67,7.57,7.62,1157600
AES,20081223,7.85,8.06,7.50,7.59,4497400
AES,20081222,7.90,8.11,7.58,7.80,7714500
AES,20081219,8.30,8.42,7.35,7.88,12824200
AES,20081218,7.54,8.24,7.47,8.05,11763700
AES,20081217,7.82,7.91,7.52,7.53,14662900
AES,20081216,7.06,8.00,7.06,7.99,10959400
AES,20081215,7.28,7.50,6.87,7.00,5347000
AES,20081212,6.89,7.27,6.68,7.27,7883100
AES,20081211,7.19,7.48,6.94,7.12,4235800
AES,20081210,7.24,7.52,6.93,7.03,7617000
AES,20081209,7.06,7.39,6.99,7.17,6570500
AES,20081208,6.59,7.25,6.53,7.06,11081800
AES,20081205,6.79,6.79,5.80,6.40,15601000
AES,20081204,7.00,7.39,6.73,6.91,9626800
AES,20081203,7.43,7.58,6.99,7.18,15197000
AES,20081202,7.10,7.90,6.95,7.82,12401100
AES,20081201,7.44,7.44,6.85,6.91,9130200
AES,20081128,7.45,7.82,7.45,7.69,3550800
AES,20081126,7.29,7.60,7.07,7.58,6784100
AES,20081125,7.70,7.71,7.05,7.49,10225100
AES,20081124,7.43,7.50,7.08,7.21,9927200
AES,20081121,7.10,7.30,6.53,7.26,10288800
AES,20081120,7.24,7.73,6.74,6.89,14549600
AES,20081119,7.99,8.19,7.51,7.55,8586600
AES,20081118,8.16,8.40,7.76,8.04,8100800
AES,20081117,8.12,8.70,7.90,8.20,9332800
AES,20081114,8.02,8.82,7.74,8.28,11281800
AES,20081113,7.42,8.49,7.34,8.26,22789600
AES,20081112,6.95,7.65,6.88,7.35,8740900
AES,20081111,7.56,7.62,6.71,7.18,10643500
AES,20081110,8.94,9.29,7.50,7.69,9820200
AES,20081107,6.84,8.57,6.84,8.48,12839700
AES,20081106,7.27,7.41,6.44,6.61,7911100
AES,20081105,7.55,7.61,7.10,7.24,9082200
AES,20081104,8.15,8.29,7.50,7.78,8779500
AES,20081103,7.80,8.17,7.62,7.92,5373300
AES,20081031,8.21,8.31,7.45,7.97,8303000
AES,20081030,7.77,8.98,7.72,8.10,12608500
AES,20081029,7.79,8.04,7.30,7.59,10107000
AES,20081028,7.50,7.90,6.30,7.85,12796800
AES,20081027,7.71,7.84,7.04,7.09,5757800
AES,20081024,7.70,8.00,7.06,7.86,9916300
AES,20081023,8.35,8.98,7.84,8.42,13458600
AES,20081022,9.60,9.72,8.05,8.31,11790500
AES,20081021,9.79,10.27,9.47,9.86,8626500
AES,20081020,8.25,9.91,8.25,9.89,14757900
AES,20081017,7.55,8.73,7.39,8.16,11730700
AES,20081016,8.14,8.51,7.51,7.74,12998400
AES,20081015,8.67,8.75,7.88,8.11,9721800
AES,20081014,9.87,10.23,8.43,8.93,13832300
AES,20081013,8.19,9.47,7.65,9.47,7508000
AES,20081010,8.21,8.21,6.66,7.63,17104500
AES,20081009,9.11,9.26,8.39,8.63,9875100
AES,20081008,9.09,9.78,8.90,9.09,14983400
AES,20081007,8.98,9.30,8.70,9.16,15884100
AES,20081006,9.70,10.76,8.38,8.83,13598500
AES,20081003,10.59,10.80,9.82,9.92,7304400
AES,20081002,11.20,11.32,10.25,10.45,6733300
AES,20081001,11.59,11.74,11.13,11.28,4878400
AES,20080930,11.48,11.85,11.13,11.69,5533700
AES,20080929,12.40,12.49,10.99,11.40,10533600
AES,20080926,12.90,12.96,12.40,12.58,5716300
AES,20080925,12.64,13.31,12.52,13.07,5606600
AES,20080924,12.75,12.86,12.35,12.54,6035100
AES,20080923,12.74,13.04,12.56,12.82,5587800
AES,20080922,13.30,13.43,12.68,12.81,7152600
AES,20080919,12.79,13.75,12.26,13.21,15522300
AES,20080918,11.34,12.32,10.90,12.02,19026400
AES,20080917,12.20,12.46,11.13,11.23,17203000
AES,20080916,12.72,12.83,11.90,12.43,12643500
AES,20080915,13.71,13.87,12.86,12.89,8131600
AES,20080912,13.46,14.32,13.41,14.22,12113900
AES,20080911,13.80,13.96,13.50,13.55,11471000
AES,20080910,13.34,13.92,13.25,13.86,11007800
AES,20080909,14.91,15.35,13.18,13.18,13801000
AES,20080908,14.74,15.20,14.74,14.95,6136500
AES,20080905,14.45,14.70,14.29,14.62,7031900
AES,20080904,14.73,14.87,14.36,14.47,8631400
AES,20080903,14.77,15.01,14.29,14.75,10887200
AES,20080902,15.35,15.63,14.73,14.77,5944700
AES,20080829,15.39,15.65,15.23,15.26,2633700
AES,20080828,15.49,15.64,15.35,15.49,2415100
AES,20080827,15.38,15.52,15.27,15.43,3000600
AES,20080826,15.01,15.82,15.00,15.41,2936400
AES,20080825,15.77,15.79,15.24,15.35,3647800
AES,20080822,15.49,15.80,15.41,15.77,4139200
AES,20080821,15.06,15.50,15.06,15.43,3213900
AES,20080820,15.20,15.33,15.11,15.31,4618700
AES,20080819,15.06,15.29,15.01,15.16,4439100
AES,20080818,15.39,15.56,15.12,15.17,4004300
AES,20080815,15.15,15.42,15.00,15.32,4805300
AES,20080814,15.50,15.54,14.92,15.15,6863400
AES,20080813,15.72,15.91,15.56,15.64,5212600
AES,20080812,15.97,16.00,15.62,15.80,3800900
AES,20080811,15.79,15.97,15.34,15.89,5677200
AES,20080808,16.86,16.86,14.78,15.72,11779900
AES,20080807,15.93,16.27,15.74,16.05,5550900
AES,20080806,15.82,16.12,15.71,15.98,6619600
AES,20080805,15.14,15.94,14.96,15.92,9830200
AES,20080804,15.55,15.81,14.91,14.96,8186100
AES,20080801,16.26,16.30,15.49,15.53,7774800
AES,20080731,17.09,17.09,16.13,16.14,7805100
AES,20080730,16.67,17.05,16.52,17.04,4041500
AES,20080729,16.45,16.60,16.23,16.60,3911000
AES,20080728,16.18,16.66,16.12,16.42,5130200
AES,20080725,16.18,16.64,16.05,16.16,4682500
AES,20080724,16.81,16.81,16.05,16.14,6096200
AES,20080723,17.08,17.18,16.67,16.77,4802700
AES,20080722,17.06,17.20,16.94,17.06,4226200
AES,20080721,16.87,17.15,16.72,17.11,4091700
AES,20080718,16.25,16.88,16.16,16.77,8127600
AES,20080717,16.20,16.32,16.05,16.24,5971600
AES,20080716,16.72,16.72,16.08,16.12,8300900
AES,20080715,17.09,17.39,16.56,16.67,11543700
AES,20080714,17.78,17.80,17.31,17.35,3655800
AES,20080711,17.30,17.79,17.17,17.59,4947600
AES,20080710,17.76,17.98,17.36,17.46,8342300
AES,20080709,18.03,18.14,17.78,17.78,6061200
AES,20080708,18.20,18.48,17.89,18.05,9129000
AES,20080707,18.81,19.00,18.04,18.12,6552500
AES,20080703,18.76,19.35,18.69,18.77,3583200
AES,20080702,19.27,19.34,18.77,18.77,4562800
AES,20080701,18.96,19.50,18.90,19.27,6338700
AES,20080630,18.79,19.32,18.75,19.21,5531100
AES,20080627,18.58,18.86,18.50,18.80,7336300
AES,20080626,18.87,19.06,18.48,18.60,5200500
AES,20080625,19.19,19.30,18.92,19.04,5614600
AES,20080624,19.53,19.53,19.01,19.16,5866100
AES,20080623,19.60,19.88,19.51,19.56,3624000
AES,20080620,20.12,20.26,19.51,19.56,6178300
AES,20080619,19.98,20.80,19.88,20.24,3758300
AES,20080618,20.17,20.47,19.95,19.98,4736000
AES,20080617,20.16,20.38,20.06,20.34,3610500
AES,20080616,20.15,20.29,19.82,20.12,2877900
AES,20080613,19.44,20.13,19.44,20.12,5312400
AES,20080612,19.42,19.49,19.22,19.36,3244700
AES,20080611,19.50,19.71,19.34,19.35,4470800
AES,20080610,19.70,19.80,19.52,19.63,3815800
AES,20080609,19.27,19.98,19.27,19.87,5442700
AES,20080606,19.64,19.88,19.33,19.34,4945200
AES,20080605,19.67,19.95,19.54,19.89,3690500
AES,20080604,19.01,19.84,19.01,19.68,6925500
AES,20080603,19.22,19.37,19.05,19.05,3801800
AES,20080602,19.24,19.43,18.83,19.16,6525600
AES,20080530,19.34,19.58,19.13,19.48,4526200
AES,20080529,18.94,19.32,18.94,19.25,3483200
AES,20080528,18.95,19.14,18.77,19.07,5333700
AES,20080527,18.89,19.00,18.69,18.79,3408000
AES,20080523,19.50,19.57,18.90,18.92,3475600
AES,20080522,19.46,19.59,19.37,19.54,2712900
AES,20080521,19.43,19.91,19.42,19.47,5925100
AES,20080520,19.81,19.81,19.46,19.53,3312300
AES,20080519,19.82,20.00,19.69,19.76,4000100
AES,20080516,19.90,19.99,19.79,19.85,4278000
AES,20080515,19.92,19.92,19.50,19.91,4850100
AES,20080514,19.98,19.99,19.51,19.87,5725800
AES,20080513,19.64,19.70,19.36,19.51,4123000
AES,20080512,19.27,19.62,19.22,19.50,8845900
AES,20080509,18.45,19.20,18.07,19.11,9085900
AES,20080508,17.75,17.96,17.54,17.93,4471200
AES,20080507,17.90,18.00,17.63,17.66,3806800
AES,20080506,17.89,18.00,17.64,17.93,2957100
AES,20080505,18.00,18.06,17.75,17.87,3081600
AES,20080502,17.79,18.08,17.79,18.00,3938700
AES,20080501,17.39,17.66,17.24,17.65,3003500
AES,20080430,17.38,17.69,17.33,17.36,4233300
AES,20080429,18.10,18.15,17.29,17.38,7258700
AES,20080428,18.08,18.33,17.96,18.08,4189600
AES,20080425,17.83,18.00,17.79,17.99,2466900
AES,20080424,17.73,17.93,17.45,17.71,2481900
AES,20080423,17.66,17.74,17.48,17.63,3500600
AES,20080422,17.78,17.78,17.51,17.63,3266000
AES,20080421,17.94,17.95,17.58,17.82,2698100
AES,20080418,18.06,18.13,17.80,18.00,3800200
AES,20080417,17.85,18.20,17.73,17.80,4653200
AES,20080416,17.51,17.88,17.51,17.87,3061900
AES,20080415,17.26,17.67,17.19,17.54,4876800
AES,20080414,17.21,17.30,16.95,17.18,4742400
AES,20080411,17.01,17.27,16.85,17.25,10121900
AES,20080410,17.45,17.48,16.96,17.06,5021400
AES,20080409,17.34,17.67,17.29,17.40,4456600
AES,20080408,17.03,17.45,16.85,17.36,6209000
AES,20080407,17.21,17.21,16.93,16.96,4442900
AES,20080404,17.08,17.49,16.91,17.06,5618000
AES,20080403,16.87,17.08,16.87,16.93,4766000
AES,20080402,16.85,17.08,16.74,17.01,5410500
AES,20080401,16.76,16.96,16.67,16.85,7088100
AES,20080331,16.25,16.78,16.22,16.67,5691600
AES,20080328,16.39,16.73,16.28,16.32,4231400
AES,20080327,16.25,16.52,16.25,16.29,5929100
AES,20080326,16.06,16.38,16.01,16.24,3409200
AES,20080325,16.20,16.38,16.04,16.17,6888300
AES,20080324,16.18,16.31,16.08,16.13,4451900
AES,20080320,16.00,16.30,15.70,16.08,10169600
AES,20080319,16.61,16.74,15.97,15.98,6785000
AES,20080318,16.34,16.67,16.23,16.41,9289600
AES,20080317,17.11,17.30,15.81,16.07,8717200
AES,20080314,17.86,17.89,17.00,17.60,7069500
AES,20080313,17.33,17.94,17.32,17.83,8098100
AES,20080312,17.96,18.02,17.56,17.58,5369300
AES,20080311,17.86,18.18,17.46,17.87,7297400
AES,20080310,17.76,17.81,17.46,17.50,6690700
AES,20080307,17.94,18.07,17.64,17.78,4407800
AES,20080306,18.53,18.56,18.00,18.05,5263700
AES,20080305,18.54,18.75,18.27,18.62,3687600
AES,20080304,18.29,18.64,18.20,18.50,4824700
AES,20080303,17.69,18.47,17.59,18.44,5350500
AES,20080229,18.60,18.65,17.90,17.98,3406100
AES,20080228,18.79,18.85,18.62,18.77,2786000
AES,20080227,19.30,19.37,18.75,18.89,3998600
AES,20080226,19.30,19.45,19.10,19.43,3929500
AES,20080225,18.94,19.40,18.83,19.36,3156100
AES,20080222,18.78,18.91,18.48,18.87,4010500
AES,20080221,19.14,19.28,18.57,18.68,4470300
AES,20080220,19.15,19.16,18.77,19.05,4352500
AES,20080219,19.45,19.55,19.07,19.22,4235100
AES,20080215,19.29,19.32,18.97,19.29,3366500
AES,20080214,19.37,19.75,19.16,19.29,3095700
AES,20080213,19.33,19.50,19.19,19.47,4684700
AES,20080212,19.50,19.65,18.98,19.14,3850900
AES,20080211,19.06,19.42,18.95,19.37,2419900
AES,20080208,19.29,19.38,19.00,19.14,2687600
AES,20080207,19.42,19.58,19.01,19.42,3734100
AES,20080206,20.00,20.08,19.36,19.44,5079300
AES,20080205,19.33,20.30,19.23,19.90,9032900
AES,20080204,19.50,19.86,19.45,19.64,3011500
AES,20080201,18.95,19.53,18.57,19.46,4054900
AES,20080131,18.41,19.28,18.17,19.09,3675200
AES,20080130,18.64,19.22,18.56,18.65,3747500
AES,20080129,18.87,19.11,18.68,18.77,3430000
AES,20080128,18.28,18.75,18.05,18.66,3472500
AES,20080125,18.30,18.54,18.09,18.22,5589800
AES,20080124,18.23,18.97,17.99,18.15,5683800
AES,20080123,17.19,18.15,17.06,18.12,7214500
AES,20080122,17.32,18.24,16.63,17.69,8169000
AES,20080118,18.45,18.76,17.91,18.22,9097300
AES,20080117,19.47,19.50,18.24,18.34,8409100
AES,20080116,20.45,20.71,19.12,19.45,9844400
AES,20080115,21.02,21.31,20.46,20.46,5848700
AES,20080114,21.31,21.43,21.05,21.19,3362600
AES,20080111,21.33,21.48,20.92,21.11,3887500
AES,20080110,21.47,22.03,21.40,21.70,4629500
AES,20080109,21.97,22.09,21.48,21.51,7842000
AES,20080108,22.06,22.48,21.87,21.90,4819200
AES,20080107,21.30,22.14,21.24,21.99,5816900
AES,20080104,20.92,21.35,20.75,21.14,4319500
AES,20080103,21.14,21.27,21.03,21.06,3114600
AES,20080102,21.42,21.59,21.08,21.11,3065800
AES,20071231,21.63,21.78,21.27,21.39,2085600
AES,20071228,21.70,21.88,21.53,21.66,2835000
AES,20071227,22.05,22.15,21.71,21.71,3221200
AES,20071226,22.02,22.20,21.90,22.13,2683600
AES,20071224,21.85,22.20,21.85,22.09,1450300
AES,20071221,22.24,22.24,21.74,21.98,5535700
AES,20071220,21.67,21.75,21.05,21.69,4011100
AES,20071219,21.51,21.83,21.32,21.56,3161500
AES,20071218,21.40,21.61,20.98,21.58,5488600
AES,20071217,21.46,21.56,21.20,21.29,3369800
AES,20071214,21.79,21.80,21.31,21.60,4246700
AES,20071213,21.72,22.05,21.52,21.80,3232600
AES,20071212,22.23,22.50,21.61,21.87,4860800
AES,20071211,22.35,22.50,21.74,21.79,4709400
AES,20071210,21.96,22.54,21.95,22.27,3488000
AES,20071207,21.47,22.08,21.47,21.94,3127900
AES,20071206,21.98,21.98,21.31,21.47,7706700
AES,20071205,21.76,22.06,21.61,21.99,2978300
AES,20071204,21.57,21.90,21.32,21.65,2846700
AES,20071203,21.70,22.00,21.62,21.73,2473700
AES,20071130,21.87,21.88,21.53,21.85,4214900
AES,20071129,21.49,21.86,21.44,21.65,3829000
AES,20071128,21.04,21.62,20.81,21.58,6262700
AES,20071127,20.82,21.45,20.73,20.84,5067000
AES,20071126,21.12,21.85,20.75,20.75,5070400
AES,20071123,21.02,21.22,20.76,21.16,1460800
AES,20071121,21.67,21.74,20.81,20.84,5782500
AES,20071120,21.90,22.02,21.47,21.78,4683700
AES,20071119,21.67,22.00,21.51,21.78,5212100
AES,20071116,22.04,22.19,21.31,21.85,4729400
AES,20071115,21.95,22.36,21.77,21.85,4304600
AES,20071114,21.81,22.35,21.46,21.96,6968200
AES,20071113,21.29,21.78,20.76,21.64,7689700
AES,20071112,21.83,21.83,21.07,21.15,5973700
AES,20071109,21.70,21.93,21.58,21.82,4673100
AES,20071108,22.00,22.17,21.57,22.03,5553500
AES,20071107,22.23,23.09,21.80,21.85,7265800
AES,20071106,21.94,22.75,21.47,22.53,10129300
AES,20071105,21.45,22.00,21.42,21.92,4286400
AES,20071102,21.17,21.69,21.06,21.67,9699200
AES,20071101,20.92,21.70,20.92,21.16,4102500
AES,20071031,21.30,21.50,21.19,21.41,3113100
AES,20071030,21.10,21.43,21.07,21.23,1674400
AES,20071029,20.97,21.50,20.93,21.24,2929400
AES,20071026,20.53,20.93,20.52,20.90,2883800
AES,20071025,20.46,20.80,20.40,20.65,2250500
AES,20071024,20.09,20.51,20.06,20.39,3564900
AES,20071023,20.58,20.70,20.06,20.21,2428000
AES,20071022,20.22,20.69,19.78,20.52,3119000
AES,20071019,20.83,20.86,19.92,20.23,6183400
AES,20071018,20.79,21.15,20.72,21.00,2597300
AES,20071017,21.29,21.46,20.72,20.88,4114400
AES,20071016,21.00,21.26,20.95,21.12,4104700
AES,20071015,21.28,21.53,20.75,20.90,4065300
AES,20071012,21.45,21.66,21.27,21.44,2841400
AES,20071011,21.49,21.75,21.28,21.40,4331400
AES,20071010,21.22,21.46,21.10,21.34,3764300
AES,20071009,20.58,21.36,20.46,21.24,3051800
AES,20071008,20.78,20.85,20.60,20.67,1016200
AES,20071005,20.62,20.95,20.57,20.80,1913900
AES,20071004,20.38,20.58,20.28,20.53,2136000
AES,20071003,20.46,20.55,20.18,20.29,3757500
AES,20071002,20.64,20.85,20.44,20.59,3139600
AES,20071001,20.14,20.80,20.12,20.72,3961600
AES,20070928,20.44,20.52,19.98,20.04,3727600
AES,20070927,20.46,20.55,20.38,20.49,2997200
AES,20070926,20.34,20.62,20.25,20.41,3151800
AES,20070925,20.21,20.29,19.97,20.28,6005500
AES,20070924,19.50,20.55,19.50,20.27,9780400
AES,20070921,19.56,19.69,19.33,19.58,5265200
AES,20070920,19.20,19.64,19.16,19.33,4484900
AES,20070919,19.26,19.38,19.06,19.25,7609800
AES,20070918,18.22,19.09,18.14,19.01,6470400
AES,20070917,17.99,18.26,17.65,18.17,6955900
AES,20070914,17.97,18.23,17.96,18.15,3187900
AES,20070913,18.12,18.29,18.02,18.09,2834000
AES,20070912,17.94,18.35,17.90,18.05,4185700
AES,20070911,18.07,18.25,17.92,18.03,5244100
AES,20070910,18.30,18.41,17.77,18.07,4472600
AES,20070907,18.60,18.76,18.17,18.29,6113600
AES,20070906,18.45,19.05,18.24,18.90,6477800
AES,20070905,18.43,18.72,18.28,18.44,6923300
AES,20070904,18.13,18.61,18.05,18.51,5971600
AES,20070831,18.25,18.37,18.03,18.11,3862500
AES,20070830,17.89,18.12,17.76,17.91,3539400
AES,20070829,17.87,18.19,17.76,18.09,5222900
AES,20070828,18.24,18.37,17.68,17.76,5245400
AES,20070827,19.05,19.11,18.39,18.39,4937300
AES,20070824,18.80,19.16,18.60,19.13,3359200
AES,20070823,19.12,19.40,18.64,18.79,4241100
AES,20070822,18.24,19.06,18.24,19.01,6028800
AES,20070821,18.22,18.41,18.06,18.17,4655300
AES,20070820,18.42,18.71,18.09,18.40,3634600
AES,20070817,19.34,19.42,17.89,18.40,8803300
AES,20070816,17.99,18.11,16.69,17.95,8793900
AES,20070815,18.30,19.11,18.07,18.17,6874700
AES,20070814,19.45,19.46,18.40,18.43,5329000
AES,20070813,18.80,19.95,18.79,19.36,6684700
AES,20070810,18.96,19.09,17.61,18.66,8223000
AES,20070809,19.18,19.19,18.08,18.36,8147500
AES,20070808,18.50,19.59,18.50,19.19,8770900
AES,20070807,18.01,19.37,17.60,18.33,13602700
AES,20070806,18.86,19.07,17.38,18.37,14359400
AES,20070803,20.25,20.25,18.68,18.72,7126600
AES,20070802,20.05,20.33,19.70,19.93,6863200
AES,20070801,19.59,20.04,19.56,19.92,9401200
AES,20070731,20.23,20.69,19.62,19.65,9972300
AES,20070730,20.00,20.21,19.73,20.07,9214600
AES,20070727,20.54,20.73,20.01,20.10,7291200
AES,20070726,21.24,21.44,20.06,20.59,6192700
AES,20070725,21.42,21.99,21.28,21.49,6349800
AES,20070724,22.33,22.55,21.32,21.41,5764100
AES,20070723,22.64,23.20,22.30,22.62,5246700
AES,20070720,22.52,23.39,22.32,22.92,8907400
AES,20070719,22.65,23.38,22.45,23.25,7933700
AES,20070718,22.18,22.50,21.99,22.45,5114500
AES,20070717,22.18,22.33,22.04,22.23,4425800
AES,20070716,22.50,22.60,22.13,22.26,4802000
AES,20070713,21.97,22.50,21.72,22.39,3421500
AES,20070712,22.24,22.50,21.67,21.95,7697900
AES,20070711,21.90,22.12,21.73,22.11,4720700
AES,20070710,22.35,22.63,21.95,21.97,4921800
AES,20070709,22.48,22.68,22.37,22.52,4848500
AES,20070706,22.19,22.50,21.95,22.46,3844100
AES,20070705,22.40,22.59,21.85,22.28,4890700
AES,20070703,21.81,23.00,21.81,22.50,2723300
AES,20070702,21.96,22.61,21.96,22.55,5684700
AES,20070629,21.77,22.29,21.66,21.88,6445700
AES,20070628,21.92,22.06,21.59,21.64,4026600
AES,20070627,21.70,22.09,21.52,22.00,7226600
AES,20070626,21.91,22.19,21.81,21.86,7378800
AES,20070625,21.48,22.32,21.26,21.80,7269700
AES,20070622,21.70,21.99,21.30,21.52,8581500
AES,20070621,20.74,20.95,20.54,20.87,6426400
AES,20070620,21.77,21.91,21.10,21.16,3635100
AES,20070619,21.73,21.89,21.60,21.74,3284700
AES,20070618,22.21,22.21,21.67,21.78,2232000
AES,20070615,21.83,22.25,21.63,22.08,5224900
AES,20070614,21.19,21.74,21.10,21.60,4437900
AES,20070613,21.10,21.31,20.88,21.22,4842500
AES,20070612,21.51,21.56,20.99,21.05,6073500
AES,20070611,21.67,21.90,21.47,21.71,3130300
AES,20070608,21.09,21.66,21.09,21.62,5195300
AES,20070607,21.93,22.03,21.10,21.31,8526200
AES,20070606,22.67,22.71,21.92,21.95,7489600
AES,20070605,23.12,23.14,22.68,22.73,5719100
AES,20070604,23.34,23.44,22.81,23.15,5668500
AES,20070601,23.73,24.04,23.34,23.52,6249100
AES,20070531,23.74,24.23,23.66,23.73,12568100
AES,20070530,22.35,23.73,22.35,23.70,4797800
AES,20070529,23.20,23.38,22.92,22.97,4458900
AES,20070525,23.38,23.78,22.93,23.17,5899800
AES,20070524,23.84,24.24,22.79,23.14,7279200
AES,20070523,23.37,24.16,23.37,23.90,5518800
AES,20070522,23.65,23.65,23.31,23.37,3214400
AES,20070521,23.30,23.63,23.25,23.61,4254400
AES,20070518,23.74,23.74,23.04,23.35,5958700
AES,20070517,23.30,23.58,23.21,23.47,4384200
AES,20070516,23.74,24.24,22.82,23.41,6245600
AES,20070515,22.50,23.08,22.39,22.90,5092500
AES,20070514,22.00,22.96,22.00,22.55,3334700
AES,20070511,22.30,22.72,22.27,22.71,4123100
AES,20070510,22.54,22.74,22.26,22.30,3311100
AES,20070509,22.30,22.68,22.15,22.60,3429100
AES,20070508,22.41,22.41,22.08,22.30,3496300
AES,20070507,22.45,22.54,22.01,22.43,3956100
AES,20070504,22.26,22.69,22.19,22.42,3744100
AES,20070503,22.52,22.58,22.21,22.32,2996400
AES,20070502,22.92,22.92,22.14,22.42,3949100
AES,20070501,22.14,22.28,21.85,22.25,2631500
AES,20070430,22.50,22.56,21.97,21.99,4096200
AES,20070427,22.81,22.92,22.46,22.51,2092400
AES,20070426,22.68,23.18,22.68,22.90,2458400
AES,20070425,22.62,23.10,22.62,23.02,2795000
AES,20070424,22.78,22.99,22.71,22.84,3109300
AES,20070423,23.10,23.19,22.64,22.79,3758500
AES,20070420,22.92,23.18,22.64,22.78,7048000
AES,20070419,21.98,22.77,21.98,22.74,2962300
AES,20070418,22.49,22.90,22.33,22.78,3951000
AES,20070417,22.60,22.68,21.87,22.51,5369300
AES,20070416,22.25,22.25,21.56,21.97,4558000
AES,20070413,22.82,22.82,21.55,21.81,3508000
AES,20070412,22.11,22.19,21.65,21.97,3980300
AES,20070411,22.48,22.48,22.14,22.23,2235700
AES,20070410,22.29,22.52,22.24,22.42,3173100
AES,20070409,21.79,22.30,21.70,22.28,3682300
AES,20070405,21.65,21.79,21.53,21.69,1390200
AES,20070404,21.63,21.84,21.57,21.67,2196600
AES,20070403,22.00,22.08,21.37,21.54,4108300
AES,20070402,21.64,22.01,21.50,22.01,3258100
AES,20070330,21.71,21.88,21.24,21.52,3177400
AES,20070329,21.44,21.85,21.44,21.76,3184100
AES,20070328,21.53,21.69,21.39,21.46,2744100
AES,20070327,21.54,21.81,21.41,21.73,2866600
AES,20070326,21.44,21.56,21.20,21.53,2322400
AES,20070323,21.29,21.48,21.10,21.38,2449400
AES,20070322,21.70,21.70,21.24,21.30,4808000
AES,20070321,21.25,21.50,21.02,21.45,3557600
AES,20070320,20.89,21.28,20.75,21.24,3245900
AES,20070319,20.63,21.04,20.46,21.01,3644200
AES,20070316,20.70,20.96,20.42,20.47,4142800
AES,20070315,20.57,20.90,20.42,20.74,2964700
AES,20070314,20.65,20.89,20.23,20.56,3886300
AES,20070313,20.87,21.14,20.45,20.53,3497500
AES,20070312,20.55,21.19,20.55,20.95,3345400
AES,20070309,20.84,20.86,20.41,20.50,4901000
AES,20070308,21.11,21.25,20.61,20.66,5260100
AES,20070307,20.60,21.35,20.50,20.93,5430400
AES,20070306,20.14,20.63,20.05,20.56,10109800
AES,20070305,19.50,20.04,19.44,19.78,6449000
AES,20070302,20.99,21.23,20.54,20.61,4153000
AES,20070301,20.96,21.30,20.14,21.06,3825400
AES,20070228,21.11,22.10,20.95,21.32,5276200
AES,20070227,22.32,22.45,20.88,21.55,4778500
AES,20070226,22.46,22.88,22.31,22.52,3443700
AES,20070223,22.38,22.39,22.12,22.28,2744200
AES,20070222,22.51,22.77,22.31,22.40,2079000
AES,20070221,22.41,22.65,22.31,22.55,2329400
AES,20070220,22.36,22.83,22.29,22.53,3302900
AES,20070216,22.15,22.35,22.03,22.30,2286600
AES,20070215,22.30,22.49,22.10,22.24,2604900
AES,20070214,22.45,22.65,22.33,22.38,1770400
AES,20070213,22.20,22.49,22.20,22.46,2217600
AES,20070212,22.68,22.75,22.22,22.25,3289100
AES,20070209,22.40,23.10,22.37,22.61,7082400
AES,20070208,21.94,22.41,21.84,22.36,4986700
AES,20070207,21.82,22.05,21.71,21.94,3817500
AES,20070206,21.12,22.09,21.11,21.74,6451800
AES,20070205,21.50,21.50,20.71,21.11,3189500
AES,20070202,20.62,20.86,20.58,20.82,2064900
AES,20070201,20.73,20.83,20.50,20.65,3599700
AES,20070131,20.72,20.84,20.60,20.79,2401000
AES,20070130,21.05,21.20,20.83,20.89,1523100
AES,20070129,20.67,21.07,20.66,20.99,3772800
AES,20070126,20.70,20.86,20.62,20.77,2483700
AES,20070125,20.80,20.85,20.58,20.61,2677600
AES,20070124,20.87,20.87,20.57,20.81,2148800
AES,20070123,20.85,20.97,20.66,20.76,3010200
AES,20070122,20.95,20.98,20.64,20.81,2712100
AES,20070119,20.15,21.06,20.15,21.02,3727200
AES,20070118,21.03,21.10,20.78,20.83,2775400
AES,20070117,21.00,21.25,20.80,21.00,5121400
AES,20070116,20.36,21.28,20.35,21.10,5411500
AES,20070112,20.46,21.03,20.46,20.94,6982400
AES,20070111,20.00,20.74,20.00,20.40,6088800
AES,20070110,20.51,20.88,20.20,20.74,10199800
AES,20070109,20.19,20.30,19.92,20.16,18530800
AES,20070108,21.28,21.37,20.77,21.02,5538700
AES,20070105,21.90,21.95,21.07,21.32,3365900
AES,20070104,21.85,22.00,21.69,21.95,2486600
AES,20070103,22.07,22.32,21.89,21.94,2745200
AES,20061229,21.96,22.13,21.90,22.04,2527800
AES,20061228,22.19,22.28,22.05,22.06,1735500
AES,20061227,22.26,22.32,22.13,22.25,1893200
AES,20061226,22.12,22.36,22.03,22.29,2035200
AES,20061222,22.30,22.35,22.05,22.16,2399300
AES,20061221,22.20,22.42,22.19,22.37,3670100
AES,20061220,22.40,22.51,22.25,22.27,2747900
AES,20061219,22.29,22.55,22.10,22.38,4427900
AES,20061218,22.85,22.85,22.39,22.43,3318500
AES,20061215,22.88,22.97,22.75,22.84,3319300
AES,20061214,22.86,22.99,22.85,22.89,4172600
AES,20061213,22.93,23.04,22.88,22.90,3746300
AES,20061212,23.00,23.18,22.85,22.88,4372700
AES,20061211,23.21,23.26,22.88,22.92,2746900
AES,20061208,23.07,23.30,23.00,23.17,1661700
AES,20061207,23.35,23.56,23.14,23.15,2597000
AES,20061206,23.77,23.78,23.21,23.23,5385200
AES,20061205,23.80,23.84,23.56,23.72,3099200
AES,20061204,23.50,23.85,23.44,23.72,2218500
AES,20061201,23.45,23.60,23.27,23.37,3000700
AES,20061130,23.27,23.47,23.10,23.37,2550100
AES,20061129,22.98,23.21,22.86,23.19,2025500
AES,20061128,22.86,23.07,22.85,22.89,3389100
AES,20061127,23.34,23.37,22.87,22.92,2846000
AES,20061124,23.28,23.36,23.17,23.35,597800
AES,20061122,23.35,23.45,23.16,23.31,2358800
AES,20061121,22.87,23.24,22.75,23.09,3877700
AES,20061120,22.70,22.70,22.40,22.44,2353100
AES,20061117,22.31,22.44,22.14,22.38,2483200
AES,20061116,22.33,22.42,22.25,22.35,1510100
AES,20061115,22.60,22.64,22.14,22.19,2160100
AES,20061114,22.75,22.82,22.25,22.69,2951200
AES,20061113,22.46,22.81,22.40,22.70,2485700
AES,20061110,22.49,22.58,22.24,22.35,2737900
AES,20061109,22.47,22.56,22.40,22.45,2810400
AES,20061108,21.93,22.42,21.68,22.41,3313000
AES,20061107,22.45,22.46,21.82,22.02,3800500
AES,20061106,22.08,22.66,21.85,22.64,6982100
AES,20061103,22.20,22.22,21.80,21.91,1694300
AES,20061102,22.00,22.17,21.75,21.93,1933000
AES,20061101,22.05,22.20,21.89,22.06,1865900
AES,20061031,21.75,22.02,21.62,21.99,2226600
AES,20061030,21.80,21.87,21.51,21.68,1426700
AES,20061027,21.60,21.95,21.43,21.73,1581300
AES,20061026,21.77,21.84,21.47,21.66,1646800
AES,20061025,21.90,22.00,21.71,21.79,1783600
AES,20061024,21.77,21.94,21.63,21.77,2409900
AES,20061023,21.75,22.11,21.66,21.91,3290800
AES,20061020,21.55,21.75,21.41,21.74,2103500
AES,20061019,21.22,21.49,21.21,21.48,1481400
AES,20061018,21.17,21.39,21.10,21.31,2190800
AES,20061017,20.91,21.16,20.86,21.10,1427400
AES,20061016,20.77,21.03,20.49,21.02,1792200
AES,20061013,20.85,20.89,20.57,20.77,1486700
AES,20061012,21.11,21.12,20.78,20.88,1653200
AES,20061011,20.89,21.25,20.78,21.06,3206800
AES,20061010,20.51,20.90,20.40,20.89,2471700
AES,20061009,20.29,20.57,20.29,20.54,1666200
AES,20061006,20.58,20.58,20.25,20.35,2121200
AES,20061005,20.54,20.73,20.49,20.57,2113900
AES,20061004,20.70,20.76,20.51,20.66,1959200
AES,20061003,20.25,20.73,20.02,20.63,3107100
AES,20061002,20.40,20.50,20.14,20.21,2778800
AES,20060929,20.65,20.78,20.34,20.39,2239200
AES,20060928,20.75,20.88,20.54,20.59,2043000
AES,20060927,20.62,20.73,20.46,20.70,1861400
AES,20060926,20.56,20.73,20.38,20.70,1767500
AES,20060925,20.35,20.90,20.28,20.63,2689300
AES,20060922,20.42,20.42,20.06,20.14,2196700
AES,20060921,20.47,20.59,20.24,20.37,1880300
AES,20060920,20.53,20.71,20.42,20.50,1090800
AES,20060919,20.38,20.65,20.29,20.53,2519500
AES,20060918,20.33,20.58,20.28,20.41,1563900
AES,20060915,20.61,20.72,20.18,20.28,2504300
AES,20060914,20.40,20.73,20.33,20.51,1761200
AES,20060913,20.05,20.52,19.80,20.47,2001400
AES,20060912,20.10,20.38,20.02,20.13,2500700
AES,20060911,20.35,20.54,20.06,20.28,2137500
AES,20060908,20.65,20.70,20.34,20.45,1413200
AES,20060907,20.77,20.84,20.36,20.56,2826500
AES,20060906,21.01,21.19,20.60,20.76,2293800
AES,20060905,21.19,21.48,21.01,21.16,2240300
AES,20060901,21.18,21.24,21.05,21.18,1458500
AES,20060831,21.01,21.35,21.01,21.24,2004400
AES,20060830,20.91,21.08,20.65,21.01,1347200
AES,20060829,20.87,21.10,20.70,20.80,2541600
AES,20060828,20.74,21.05,20.73,20.91,1635100
AES,20060825,20.54,20.78,20.52,20.70,1287900
AES,20060824,20.83,20.85,20.38,20.58,1157600
AES,20060823,20.87,20.89,20.42,20.77,1125800
AES,20060822,20.65,20.85,20.52,20.84,1236700
AES,20060821,20.38,20.79,20.20,20.65,1576300
AES,20060818,20.21,20.57,20.02,20.49,2250200
AES,20060817,20.30,20.31,19.85,20.18,2155900
AES,20060816,20.34,20.45,20.03,20.44,3623100
AES,20060815,20.55,20.84,20.28,20.40,2363200
AES,20060814,20.20,20.37,20.13,20.17,1588800
AES,20060811,20.37,20.40,20.15,20.22,1619700
AES,20060810,20.59,20.66,20.29,20.47,2517500
AES,20060809,20.45,20.90,20.31,20.61,3243000
AES,20060808,20.03,20.65,19.91,20.30,3352300
AES,20060807,19.76,20.71,19.25,20.07,10282200
AES,20060804,20.02,20.09,18.25,18.25,5763400
AES,20060803,19.75,19.85,19.61,19.78,1825500
AES,20060802,19.92,20.07,19.65,19.75,2317300
AES,20060801,19.79,19.98,19.65,19.86,2490600
AES,20060731,19.75,20.10,19.65,19.86,1981800
AES,20060728,19.98,20.08,19.81,19.88,2098200
AES,20060727,20.05,20.31,19.78,19.84,2854400
AES,20060726,20.51,20.54,19.88,20.07,4267900
AES,20060725,20.33,20.60,20.33,20.49,2872900
AES,20060724,20.15,20.58,20.11,20.45,3563300
AES,20060721,19.99,20.21,19.85,20.17,3486400
AES,20060720,19.74,20.00,19.61,19.82,1950700
AES,20060719,19.67,19.87,19.61,19.83,3109000
AES,20060718,19.74,19.90,19.25,19.49,3687700
AES,20060717,19.35,19.80,19.30,19.75,3154500
AES,20060714,19.25,19.53,18.97,19.48,2355700
AES,20060713,19.24,19.46,19.08,19.17,2992200
AES,20060712,19.78,19.85,19.20,19.26,3346600
AES,20060711,19.53,19.70,19.33,19.62,3366700
AES,20060710,19.31,19.57,19.27,19.46,2989800
AES,20060707,19.00,19.30,18.76,19.27,5291400
AES,20060706,18.93,19.00,18.83,18.99,2230100
AES,20060705,18.60,18.99,18.50,18.86,3487900
AES,20060703,18.65,18.66,18.36,18.60,1025100
AES,20060630,18.60,18.77,18.42,18.45,2600600
AES,20060629,18.20,18.58,18.08,18.53,2303600
AES,20060628,17.93,18.27,17.83,18.06,3338000
AES,20060627,17.52,18.07,17.52,17.97,6034500
AES,20060626,17.15,17.54,17.08,17.49,2369600
AES,20060623,17.41,17.58,17.16,17.25,2055700
AES,20060622,17.47,17.55,17.26,17.51,1980600
AES,20060621,17.22,17.65,17.22,17.54,2432100
AES,20060620,16.74,17.32,16.66,17.22,3459200
AES,20060619,17.47,17.50,16.79,16.91,3265400
AES,20060616,17.54,17.70,17.39,17.50,2892300
AES,20060615,17.92,17.92,17.28,17.57,4105500
AES,20060614,18.00,18.22,17.75,17.87,2855100
AES,20060613,18.25,18.30,17.93,18.01,3815600
AES,20060612,18.36,18.56,18.27,18.32,2135700
AES,20060609,18.17,18.49,18.03,18.30,1813900
AES,20060608,18.58,18.59,18.17,18.30,3723500
AES,20060607,18.64,18.83,18.42,18.64,2592200
AES,20060606,18.70,18.76,18.41,18.69,2409300
AES,20060605,18.75,18.85,18.47,18.59,2212900
AES,20060602,18.60,18.80,18.20,18.76,2230700
AES,20060601,18.48,18.63,18.15,18.60,2903000
AES,20060531,18.10,18.50,18.06,18.40,5020400
AES,20060530,17.88,18.17,17.77,17.95,1568700
AES,20060526,17.88,18.08,17.86,18.00,1723000
AES,20060525,17.79,17.83,17.51,17.80,2786700
AES,20060524,17.74,18.03,17.43,17.64,2405600
AES,20060523,18.03,18.28,17.70,17.81,3411000
AES,20060522,17.87,18.30,17.87,18.03,3812700
AES,20060519,18.30,18.42,17.67,17.85,4174800
AES,20060518,18.00,18.32,17.98,18.06,2409200
AES,20060517,18.03,18.21,17.56,17.95,3181400
AES,20060516,18.25,18.50,18.13,18.17,3087000
AES,20060515,18.25,18.29,18.01,18.25,2976200
AES,20060512,18.20,18.25,18.05,18.18,6104600
AES,20060511,17.65,17.70,17.30,17.63,2101200
AES,20060510,17.73,17.84,17.59,17.76,2046100
AES,20060509,17.61,17.86,17.50,17.78,2943700
AES,20060508,17.75,18.07,17.35,17.75,6629700
AES,20060505,16.80,17.41,16.79,17.33,3448900
AES,20060504,16.66,16.87,16.52,16.59,1675900
AES,20060503,16.65,16.78,16.50,16.59,2617200
AES,20060502,16.92,16.92,16.52,16.69,2276800
AES,20060501,16.99,17.07,16.64,16.81,2808800
AES,20060428,16.60,17.00,16.51,16.97,2897800
AES,20060427,16.47,16.70,16.30,16.63,1765600
AES,20060426,16.60,16.70,16.30,16.41,1403700
AES,20060425,16.70,16.72,16.47,16.59,1311200
AES,20060424,16.65,16.79,16.45,16.70,987100
AES,20060421,16.71,16.93,16.44,16.60,1219300
AES,20060420,16.49,16.89,16.43,16.72,1113300
AES,20060419,16.87,16.96,16.50,16.60,2684200
AES,20060418,16.87,17.03,16.73,16.89,2940200
AES,20060417,16.56,16.79,16.56,16.77,1662300
AES,20060413,16.35,16.63,16.33,16.63,1892800
AES,20060412,16.58,16.60,16.25,16.40,2173400
AES,20060411,16.93,16.97,16.54,16.66,2946500
AES,20060410,17.11,17.11,16.60,16.83,2932500
AES,20060407,16.75,16.83,16.15,16.43,2936200
AES,20060406,16.95,17.02,16.65,16.84,1621500
AES,20060405,17.20,17.34,16.88,17.00,2232000
AES,20060404,16.85,17.40,16.81,17.13,3806800
AES,20060403,17.10,17.11,16.60,16.68,2031500
AES,20060331,16.87,17.11,16.77,17.06,1946000
AES,20060330,16.86,17.15,16.86,16.92,1272400
AES,20060329,16.79,17.18,16.71,16.96,1034100
AES,20060328,16.93,17.00,16.66,16.82,1402000
AES,20060327,16.81,16.93,16.65,16.93,1348000
AES,20060324,17.02,17.11,16.82,16.86,852900
AES,20060323,16.96,17.10,16.85,17.02,1034400
AES,20060322,16.51,17.10,16.51,17.05,1601600
AES,20060321,17.11,17.26,16.87,16.94,2004000
AES,20060320,17.62,17.62,17.08,17.14,2024200
AES,20060317,17.66,17.66,17.42,17.57,3484400
AES,20060316,17.36,17.60,17.31,17.58,1948300
AES,20060315,16.94,17.39,16.93,17.26,2267400
AES,20060314,17.02,17.12,16.90,16.99,1681100
AES,20060313,17.24,17.28,17.00,17.08,1384400
AES,20060310,17.24,17.30,17.00,17.22,1460700
AES,20060309,17.11,17.40,16.99,17.29,1722100
AES,20060308,17.16,17.25,16.85,17.10,1539500
AES,20060307,16.92,17.23,16.92,17.13,1563700
AES,20060306,17.39,17.40,16.79,17.01,1391400
AES,20060303,17.14,17.43,17.09,17.31,1420000
AES,20060302,17.25,17.39,17.04,17.14,1770100
AES,20060301,17.27,17.56,17.02,17.50,1765600
AES,20060228,17.51,17.56,17.22,17.30,2616700
AES,20060227,17.65,17.76,17.37,17.66,2362500
AES,20060224,17.36,17.62,17.29,17.58,1470500
AES,20060223,17.38,17.50,17.32,17.40,1102000
AES,20060222,17.55,17.60,17.25,17.42,1234800
AES,20060221,17.69,17.83,17.47,17.49,1333800
AES,20060217,17.39,17.73,17.32,17.71,2394700
AES,20060216,17.06,17.51,17.00,17.47,2706200
AES,20060215,16.89,17.17,16.87,17.11,2065100
AES,20060214,17.00,17.01,16.68,16.91,3624900
AES,20060213,17.13,17.17,16.80,16.95,1345600
AES,20060210,17.06,17.20,16.76,17.17,3230700
AES,20060209,17.22,17.28,17.00,17.17,2558200
AES,20060208,17.32,17.32,17.05,17.25,2207800
AES,20060207,17.23,17.52,17.15,17.18,2355100
AES,20060206,17.27,17.36,17.11,17.24,1639300
AES,20060203,17.10,17.43,17.00,17.32,4332300
AES,20060202,17.12,17.16,16.95,17.10,3055100
AES,20060201,17.12,17.24,16.94,17.15,2169600
AES,20060131,17.00,17.21,16.92,17.04,2401600
AES,20060130,16.94,17.11,16.89,17.00,2052100
AES,20060127,16.83,17.13,16.83,16.94,2236900
AES,20060126,17.10,17.19,16.56,16.87,4126800
AES,20060125,17.54,17.54,16.80,17.02,3592000
AES,20060124,17.64,17.77,17.48,17.57,1977500
AES,20060123,17.60,17.75,17.37,17.62,3246800
AES,20060120,18.88,18.88,17.49,17.64,4270900
AES,20060119,17.00,17.79,16.93,17.68,5466600
AES,20060118,16.39,16.92,16.33,16.76,2988500
AES,20060117,16.30,16.49,16.25,16.41,1885400
AES,20060113,16.41,16.66,16.33,16.53,2136200
AES,20060112,16.55,16.64,16.10,16.33,2878000
AES,20060111,16.67,16.75,16.42,16.55,1973200
AES,20060110,16.56,16.76,16.40,16.60,3072900
AES,20060109,17.00,17.06,16.70,16.71,2198000
AES,20060106,16.89,17.07,16.73,17.00,2026700
AES,20060105,16.83,16.93,16.63,16.73,1846700
AES,20060104,16.35,16.95,16.31,16.89,4593200
AES,20060103,15.92,16.25,15.63,16.20,2026600
AES,20051230,15.72,15.86,15.57,15.83,1550200
AES,20051229,15.77,15.92,15.69,15.88,864600
AES,20051228,15.94,15.99,15.65,15.86,1649500
AES,20051227,16.12,16.15,15.86,15.99,1269500
AES,20051223,15.90,16.04,15.81,15.98,1227800
AES,20051222,15.77,15.81,15.58,15.81,1628500
AES,20051221,15.94,16.03,15.56,15.67,1963600
AES,20051220,15.89,16.06,15.77,15.82,1915700
AES,20051219,16.16,16.21,15.67,15.91,2656200
AES,20051216,16.08,16.33,16.08,16.23,2778100
AES,20051215,16.16,16.18,15.87,16.00,2043000
AES,20051214,16.36,16.50,16.04,16.25,2664100
AES,20051213,16.07,16.35,15.95,16.30,1948800
AES,20051212,16.05,16.20,15.97,16.13,1315700
AES,20051209,15.90,16.20,15.66,16.07,1706200
AES,20051208,15.74,15.89,15.61,15.81,1189600
AES,20051207,15.79,16.00,15.67,15.78,2039000
AES,20051206,15.80,15.94,15.74,15.75,1999000
AES,20051205,15.42,15.78,15.35,15.74,2440900
AES,20051202,15.80,15.90,15.41,15.46,2270600
AES,20051201,15.88,15.92,15.75,15.89,1810800
AES,20051130,15.77,15.92,15.71,15.77,1896100
AES,20051129,15.83,15.94,15.72,15.80,1386900
AES,20051128,15.83,15.84,15.60,15.65,2387600
AES,20051125,15.86,15.86,15.59,15.73,412500
AES,20051123,15.70,15.87,15.51,15.78,1442300
AES,20051122,15.82,15.93,15.52,15.72,1720700
AES,20051121,15.81,15.98,15.73,15.90,1576500
AES,20051118,15.89,16.15,15.67,16.00,2350400
AES,20051117,15.40,15.91,15.35,15.88,2648000
AES,20051116,15.33,15.49,15.26,15.33,1200400
AES,20051115,15.32,15.58,15.17,15.32,1574600
AES,20051114,15.55,15.97,15.15,15.29,2322700
AES,20051111,15.50,15.65,15.48,15.57,1787200
AES,20051110,15.33,15.52,15.05,15.50,2448100
AES,20051109,14.99,15.38,14.99,15.23,1388800
AES,20051108,15.05,15.14,14.81,14.94,1687800
AES,20051107,15.62,15.64,15.00,15.21,1975100
AES,20051104,15.62,15.65,15.29,15.50,1958100
AES,20051103,14.64,15.73,14.64,15.37,2467600
AES,20051102,15.67,15.70,15.22,15.45,2597600
AES,20051101,15.90,15.96,15.62,15.71,2472200
AES,20051031,15.60,16.03,15.57,15.89,2371200
AES,20051028,15.33,15.60,15.22,15.51,2605300
AES,20051027,15.60,15.75,15.21,15.29,1517600
AES,20051026,15.86,16.10,15.59,15.60,1881700
AES,20051025,15.80,16.25,15.77,15.86,3107100
AES,20051024,15.54,15.86,15.46,15.80,2348800
AES,20051021,15.45,15.68,15.27,15.46,1840900
AES,20051020,16.03,16.12,15.35,15.45,3361600
AES,20051019,15.30,16.16,15.10,16.08,4944200
AES,20051018,15.79,15.85,15.30,15.31,2884200
AES,20051017,15.85,15.97,15.70,15.79,1937000
AES,20051014,15.88,16.07,15.62,15.90,1794300
AES,20051013,16.10,16.22,15.52,15.67,2322700
AES,20051012,16.32,16.53,16.10,16.25,2812800
AES,20051011,16.31,16.50,16.20,16.34,2205100
AES,20051010,16.68,16.68,16.18,16.29,1716600
AES,20051007,16.37,16.92,16.34,16.68,2467400
AES,20051006,16.65,16.79,16.09,16.37,3634500
AES,20051005,17.05,17.20,16.63,16.65,4153900
AES,20051004,17.09,17.25,16.96,17.10,5376800
AES,20051003,16.30,17.01,16.25,16.84,3420300
AES,20050930,16.15,16.51,16.13,16.43,2904700
AES,20050929,15.85,16.30,15.77,16.10,2721700
AES,20050928,15.80,16.00,15.69,15.93,2826000
AES,20050927,15.34,15.55,15.21,15.52,1760400
AES,20050926,14.97,15.69,14.93,15.27,2914000
AES,20050923,14.90,14.91,14.78,14.83,2255000
AES,20050922,14.80,15.04,14.64,14.94,2840800
AES,20050921,14.80,15.07,14.79,14.89,4879400
AES,20050920,15.08,15.16,14.64,14.67,3679500
AES,20050919,15.17,15.23,15.01,15.05,2311800
AES,20050916,15.37,15.41,15.11,15.20,4473900
AES,20050915,15.30,15.48,15.30,15.41,920600
AES,20050914,15.33,15.41,15.09,15.25,2271900
AES,20050913,15.35,15.52,15.27,15.28,1613400
AES,20050912,15.17,15.55,15.15,15.40,2701800
AES,20050909,15.09,15.49,15.04,15.41,4739000
AES,20050908,15.38,15.55,14.96,14.99,4550600
AES,20050907,15.26,15.73,15.20,15.68,3527300
AES,20050906,15.35,15.55,15.25,15.31,1684300
AES,20050902,15.55,15.69,15.34,15.42,1766800
AES,20050901,15.74,15.86,15.48,15.55,2855800
AES,20050831,15.54,15.76,15.52,15.74,1702900
AES,20050830,15.35,15.68,15.31,15.63,1531400
AES,20050829,15.50,15.57,15.16,15.49,1418300
AES,20050826,15.50,15.80,15.50,15.56,1249500
AES,20050825,15.41,15.63,15.37,15.57,807500
AES,20050824,15.69,15.90,15.24,15.34,1718000
AES,20050823,15.72,15.94,15.66,15.66,1510600
AES,20050822,15.30,15.76,15.26,15.61,1643600
AES,20050819,15.35,15.50,15.20,15.32,1493200
AES,20050818,15.26,15.49,15.13,15.31,1352400
AES,20050817,15.20,15.33,14.97,15.25,1443800
AES,20050816,15.35,15.35,15.14,15.22,1264600
AES,20050815,15.40,15.59,15.25,15.38,754300
AES,20050812,15.60,15.60,15.25,15.42,1021800
AES,20050811,15.54,15.86,15.46,15.68,1448100
AES,20050810,15.25,15.99,15.25,15.47,2018100
AES,20050809,15.21,15.33,14.78,15.15,2423800
AES,20050808,15.76,15.92,15.14,15.22,2191000
AES,20050805,16.13,16.14,15.40,15.70,2480200
AES,20050804,16.17,16.21,16.05,16.11,1209300
AES,20050803,16.20,16.30,16.05,16.13,1153500
AES,20050802,16.13,16.39,16.11,16.30,1555700
AES,20050801,16.02,16.24,15.93,16.05,1311800
AES,20050729,16.07,16.15,15.93,16.05,1170500
AES,20050728,15.74,16.16,15.51,16.11,1881900
AES,20050727,16.05,16.08,15.77,15.90,1576900
AES,20050726,16.12,16.27,15.92,15.93,2124900
AES,20050725,16.14,16.25,15.91,16.03,1198900
AES,20050722,16.15,16.24,16.02,16.23,1808800
AES,20050721,16.30,16.42,15.84,16.26,2226000
AES,20050720,16.38,16.59,16.25,16.56,930100
AES,20050719,16.68,16.71,16.38,16.52,2343800
AES,20050718,16.59,16.66,16.44,16.59,1151100
AES,20050715,16.35,16.75,16.26,16.67,2222800
AES,20050714,16.50,16.59,15.99,16.30,2221100
AES,20050713,16.16,16.41,16.16,16.37,1335700
AES,20050712,16.19,16.34,16.08,16.18,1003200
AES,20050711,16.28,16.39,16.13,16.21,2969700
AES,20050708,15.91,16.31,15.84,16.09,1646000
AES,20050707,15.55,15.95,15.54,15.85,2041800
AES,20050706,16.54,16.62,15.89,15.95,2843300
AES,20050705,16.57,16.67,16.28,16.50,1891100
AES,20050701,16.36,16.67,16.13,16.59,1869100
AES,20050630,16.50,16.69,16.18,16.38,1912000
AES,20050629,16.30,16.54,16.15,16.40,2101000
AES,20050628,16.01,16.36,15.98,16.31,2840500
AES,20050627,15.33,16.04,15.33,15.95,1966000
AES,20050624,15.81,15.84,15.33,15.34,2068900
AES,20050623,15.75,16.10,15.74,15.85,2223600
AES,20050622,15.88,15.90,15.65,15.74,1833100
AES,20050621,15.98,16.11,15.73,15.79,1989300
AES,20050620,15.73,16.08,15.68,16.00,2654600
AES,20050617,15.78,15.87,15.55,15.84,2931000
AES,20050616,15.46,15.62,15.34,15.55,1635400
AES,20050615,15.27,15.48,15.25,15.42,2372000
AES,20050614,15.06,15.44,15.04,15.32,2355800
AES,20050613,14.85,15.07,14.75,15.03,1901000
AES,20050610,14.72,14.96,14.67,14.84,1064700
AES,20050609,14.86,14.86,14.63,14.72,1413100
AES,20050608,14.94,15.22,14.77,14.84,1325300
AES,20050607,15.04,15.23,14.89,14.94,2796000
AES,20050606,14.55,15.44,14.55,15.00,5267200
AES,20050603,14.59,14.76,14.31,14.40,2424800
AES,20050602,14.65,14.80,14.44,14.57,2110400
AES,20050601,14.89,15.25,14.75,14.79,1914800
AES,20050531,14.52,15.05,14.52,14.89,2196400
AES,20050527,14.71,14.80,14.60,14.63,1383900
AES,20050526,14.65,14.81,14.60,14.68,2360500
AES,20050525,14.41,14.71,14.40,14.55,2256100
AES,20050524,13.90,14.58,13.73,14.38,4869000
AES,20050523,13.00,13.82,12.98,13.72,6680500
AES,20050520,14.05,14.07,13.77,13.99,2280800
AES,20050519,14.06,14.15,13.95,14.05,1855100
AES,20050518,14.23,14.24,13.96,14.05,3129100
AES,20050517,14.00,14.14,13.91,14.09,3080400
AES,20050516,14.23,14.34,13.84,14.04,3734800
AES,20050513,14.50,14.50,13.53,14.16,5970600
AES,20050512,15.33,15.45,14.19,14.39,8472100
AES,20050511,15.92,15.92,15.12,15.30,6637100
AES,20050510,16.04,16.18,15.83,15.90,2127400
AES,20050509,15.93,16.22,15.84,16.20,3021500
AES,20050506,15.91,16.15,15.84,15.93,2663000
AES,20050505,16.15,16.19,15.03,15.78,7906800
AES,20050504,16.09,16.27,15.80,16.08,3040000
AES,20050503,16.25,16.32,15.98,16.10,2294000
AES,20050502,16.18,16.42,16.00,16.09,3538000
AES,20050429,16.06,16.23,15.93,16.08,3095000
AES,20050428,16.55,16.70,15.95,16.03,3310700
AES,20050427,16.40,16.67,16.24,16.53,2035600
AES,20050426,16.55,16.97,16.55,16.63,1589600
AES,20050425,16.60,16.77,16.29,16.71,2608700
AES,20050422,16.62,16.86,16.58,16.59,2374400
AES,20050421,16.86,16.91,16.59,16.70,2889300
AES,20050420,16.89,17.02,16.60,16.68,2154600
AES,20050419,16.57,17.14,16.55,16.96,1853000
AES,20050418,16.40,16.58,16.09,16.53,2129200
AES,20050415,16.75,16.94,16.39,16.51,3419300
AES,20050414,17.39,17.44,16.94,17.00,2281100
AES,20050413,17.39,17.56,17.11,17.36,3158500
AES,20050412,16.95,17.47,16.79,17.36,1832100
AES,20050411,17.05,17.09,16.92,16.96,1726300
AES,20050408,17.10,17.18,16.93,16.97,1432400
AES,20050407,17.00,17.15,16.89,17.13,2054600
AES,20050406,17.12,17.23,16.95,17.01,1525000
AES,20050405,16.70,17.28,16.68,17.14,2858500
AES,20050404,16.59,16.66,16.22,16.55,1959400
AES,20050401,16.50,16.80,16.42,16.53,2408800
AES,20050331,16.17,16.50,16.13,16.38,2654600
AES,20050330,16.35,16.49,16.06,16.36,3048700
AES,20050329,16.59,16.80,16.32,16.35,4022600
AES,20050328,16.40,16.63,16.35,16.56,2736400
AES,20050324,15.80,16.53,15.52,16.29,2406400
AES,20050323,15.75,16.30,15.56,16.04,7363100
AES,20050322,17.25,17.45,16.83,16.95,2369700
AES,20050321,17.39,17.49,17.10,17.22,2131700
AES,20050318,17.51,17.51,16.99,17.39,4726700
AES,20050317,17.49,17.68,17.35,17.50,2079000
AES,20050316,17.65,17.82,17.35,17.49,3071400
AES,20050315,17.30,17.75,17.30,17.64,4769700
AES,20050314,16.90,17.30,16.75,17.30,2809300
AES,20050311,16.20,16.82,15.56,16.66,1949600
AES,20050310,16.76,16.87,15.75,16.51,6329900
AES,20050309,17.17,17.42,16.56,16.76,4277900
AES,20050308,17.50,17.64,17.25,17.30,2895800
AES,20050307,17.75,18.13,17.65,17.65,2901500
AES,20050304,17.30,17.60,17.23,17.52,4918000
AES,20050303,17.09,17.14,16.93,17.06,2554400
AES,20050302,16.75,17.13,16.59,16.99,3300100
AES,20050301,16.76,16.90,16.59,16.88,2380500
AES,20050228,16.79,16.87,16.60,16.74,2733600
AES,20050225,16.50,17.04,16.49,16.81,3654900
AES,20050224,16.28,16.50,16.08,16.48,2323000
AES,20050223,16.04,16.23,15.78,16.22,2939500
AES,20050222,16.50,16.50,15.90,16.06,3448900
AES,20050218,16.50,16.69,16.41,16.59,3467900
AES,20050217,16.20,16.59,16.15,16.48,6192300
AES,20050216,15.70,16.11,15.65,16.05,3374800
AES,20050215,15.51,15.77,15.46,15.71,3559100
AES,20050214,15.50,15.60,15.38,15.57,3797300
AES,20050211,15.40,15.62,15.33,15.53,3757700
AES,20050210,15.11,15.40,15.11,15.36,2857500
AES,20050209,15.20,15.27,14.99,15.11,2061500
AES,20050208,15.10,15.30,15.06,15.23,1762600
AES,20050207,15.24,15.27,15.03,15.06,2183400
AES,20050204,14.98,15.39,14.95,15.19,4440600
AES,20050203,14.51,14.98,14.50,14.94,3384400
AES,20050202,14.31,14.51,14.28,14.48,3052600
AES,20050201,14.05,14.37,14.04,14.29,3103100
AES,20050131,13.99,14.10,13.95,14.05,1845500
AES,20050128,13.72,13.81,13.58,13.79,1769800
AES,20050127,13.68,13.78,13.67,13.72,1485300
AES,20050126,13.75,13.79,13.66,13.75,1371600
AES,20050125,13.89,13.99,13.65,13.65,1806100
AES,20050124,13.86,13.97,13.79,13.89,1631300
AES,20050121,13.80,13.93,13.74,13.81,1567600
AES,20050120,13.69,13.87,13.69,13.81,2056600
AES,20050119,13.84,13.98,13.65,13.69,1706700
AES,20050118,13.50,13.96,13.50,13.82,3143500
AES,20050114,13.45,13.50,13.32,13.45,1461100
AES,20050113,13.31,13.55,13.24,13.31,2715600
AES,20050112,12.97,13.35,12.80,13.31,2140300
AES,20050111,13.01,13.07,12.82,12.98,1410300
AES,20050110,12.94,13.21,12.75,13.12,2095700
AES,20050107,12.98,13.20,12.83,12.84,900600
AES,20050106,13.02,13.10,12.53,13.03,1909200
AES,20050105,13.15,13.21,13.00,13.02,2073800
AES,20050104,13.54,13.62,13.04,13.05,2242500
AES,20050103,13.67,13.74,13.42,13.55,2011200
AES,20041231,13.65,13.71,13.57,13.67,1300100
AES,20041230,13.52,13.63,13.45,13.61,1313000
AES,20041229,13.50,13.55,13.39,13.45,1847400
AES,20041228,13.35,13.49,13.33,13.44,1438100
AES,20041227,13.17,13.38,13.15,13.30,1441300
AES,20041223,13.42,13.47,13.22,13.27,1458900
AES,20041222,13.13,13.43,13.11,13.30,2013900
AES,20041221,12.67,13.31,12.65,13.07,3751200
AES,20041220,12.60,12.85,12.58,12.75,2008600
AES,20041217,12.32,12.70,12.32,12.50,2431600
AES,20041216,12.61,12.76,12.35,12.53,1629900
AES,20041215,12.32,12.62,12.24,12.61,1919900
AES,20041214,12.49,12.59,12.25,12.39,1184400
AES,20041213,12.30,12.49,12.27,12.46,1872400
AES,20041210,12.17,12.48,12.17,12.32,2004500
AES,20041209,12.34,12.35,12.17,12.17,2836400
AES,20041208,12.50,12.52,12.21,12.29,2074000
AES,20041207,12.68,12.80,12.49,12.49,3039100
AES,20041206,12.45,12.62,12.40,12.62,1463900
AES,20041203,12.21,12.47,12.20,12.42,2047900
AES,20041202,12.32,12.41,12.22,12.22,2287400
AES,20041201,12.15,12.48,12.04,12.32,2141200
AES,20041130,12.20,12.37,12.18,12.24,2613300
AES,20041129,12.77,12.80,12.15,12.20,3597500
AES,20041126,12.74,12.82,12.71,12.77,425000
AES,20041124,12.60,12.73,12.54,12.70,1888300
AES,20041123,12.61,12.68,12.50,12.67,1344300
AES,20041122,12.25,12.63,12.20,12.60,2130800
AES,20041119,12.30,12.36,12.18,12.23,1504600
AES,20041118,12.34,12.45,12.25,12.30,2171300
AES,20041117,12.45,12.50,12.05,12.29,4247100
AES,20041116,12.24,12.44,12.15,12.39,4725800
AES,20041115,12.14,12.24,12.07,12.24,2094700
AES,20041112,11.98,12.15,11.93,12.14,2658000
AES,20041111,11.74,11.97,11.74,11.97,2466400
AES,20041110,11.76,11.80,11.65,11.70,1641200
AES,20041109,11.57,11.75,11.40,11.72,1945200
AES,20041108,11.42,11.58,11.34,11.54,2168000
AES,20041105,11.39,11.44,11.22,11.34,2120200
AES,20041104,11.20,11.40,11.12,11.39,1659400
AES,20041103,11.12,11.21,11.00,11.10,1466300
AES,20041102,11.10,11.22,10.97,11.02,2030200
AES,20041101,11.05,11.07,10.90,11.00,1991200
AES,20041029,10.85,10.90,10.61,10.90,2285600
AES,20041028,11.40,11.40,10.50,10.66,4683200
AES,20041027,11.30,11.65,11.27,11.38,3956200
AES,20041026,10.98,11.30,10.95,11.30,1897700
AES,20041025,10.98,11.08,10.91,11.05,870700
AES,20041022,11.14,11.18,10.96,11.04,1234300
AES,20041021,10.85,11.13,10.81,11.10,1808300
AES,20041020,11.11,11.11,10.76,10.92,1639800
AES,20041019,11.10,11.12,11.04,11.11,1897400
AES,20041018,11.08,11.14,10.96,11.05,2688100
AES,20041015,10.91,11.09,10.84,11.08,2040300
AES,20041014,10.74,10.85,10.67,10.81,2092700
AES,20041013,10.98,10.98,10.64,10.64,1813100
AES,20041012,10.74,10.98,10.58,10.95,2430800
AES,20041011,10.58,10.84,10.47,10.84,1974700
AES,20041008,10.20,10.55,10.14,10.52,1228600
AES,20041007,10.60,10.67,10.36,10.36,1015000
AES,20041006,10.63,10.70,10.45,10.55,1229600
AES,20041005,10.43,10.68,10.43,10.63,2098600
AES,20041004,10.50,10.52,10.27,10.43,2101600
AES,20041001,10.00,10.18,9.99,10.15,1374800
AES,20040930,9.75,10.02,9.60,9.99,2317100
AES,20040929,9.98,10.05,9.50,9.81,6423000
AES,20040928,10.08,10.12,10.00,10.04,1349400
AES,20040927,10.16,10.22,9.98,10.02,1154000
AES,20040924,10.32,10.35,10.19,10.25,1366400
AES,20040923,10.38,10.43,10.14,10.27,1495100
AES,20040922,10.60,10.60,10.38,10.38,1173200
AES,20040921,10.52,10.66,10.45,10.65,1606000
AES,20040920,10.37,10.56,10.36,10.53,2578900
AES,20040917,10.22,10.40,10.09,10.37,3570200
AES,20040916,9.98,10.15,9.96,10.10,1375800
AES,20040915,10.20,10.24,9.86,9.98,2709700
AES,20040914,9.95,10.40,9.86,10.40,2189800
AES,20040913,10.02,10.07,9.93,9.95,1525300
AES,20040910,10.10,10.24,10.06,10.15,2053600
AES,20040909,10.00,10.18,9.98,10.13,1348600
AES,20040908,9.97,10.05,9.95,10.00,1334700
AES,20040907,10.00,10.05,9.92,9.97,1591000
AES,20040903,10.11,10.15,9.94,9.94,943400
AES,20040902,10.02,10.11,9.95,10.08,1087600
AES,20040901,10.03,10.14,9.70,9.92,1571000
AES,20040831,9.93,10.13,9.90,10.09,1286500
AES,20040830,9.99,10.00,9.90,9.93,680600
AES,20040827,9.99,10.02,9.90,10.00,1182100
AES,20040826,10.08,10.11,9.94,9.95,1437800
AES,20040825,10.00,10.09,9.91,10.04,1081100
AES,20040824,10.15,10.15,9.94,9.99,2619900
AES,20040823,10.23,10.35,10.09,10.10,2199000
AES,20040820,9.90,10.30,9.88,10.26,3968600
AES,20040819,9.91,10.00,9.86,9.94,1189700
AES,20040818,9.93,10.01,9.76,9.96,2129800
AES,20040817,9.85,10.13,9.85,10.03,3456600
AES,20040816,9.50,9.86,9.47,9.82,2784900
AES,20040813,9.40,9.56,9.33,9.56,1542900
AES,20040812,9.41,9.50,9.33,9.46,990600
AES,20040811,9.35,9.52,9.21,9.51,2015300
AES,20040810,9.32,9.43,9.22,9.37,1583900
AES,20040809,9.17,9.45,9.17,9.40,1745200
AES,20040806,9.09,9.37,9.09,9.20,1203500
AES,20040805,9.40,9.45,9.23,9.24,1395600
AES,20040804,9.69,9.69,9.39,9.47,1416400
AES,20040803,9.60,9.70,9.59,9.66,1167300
AES,20040802,9.68,9.70,9.57,9.65,1724800
AES,20040730,9.68,9.71,9.64,9.65,1635000
AES,20040729,9.90,9.95,9.50,9.65,2494600
AES,20040728,9.75,9.84,9.11,9.63,1986000
AES,20040727,9.56,9.76,9.52,9.75,2449700
AES,20040726,9.64,9.78,9.44,9.56,1805800
AES,20040723,9.74,9.74,9.54,9.58,1349200
AES,20040722,9.45,9.82,9.45,9.74,2958300
AES,20040721,10.25,10.29,9.50,9.55,3531600
AES,20040720,10.18,10.28,10.11,10.28,1529300
AES,20040719,10.19,10.25,10.05,10.22,1114700
AES,20040716,10.27,10.27,10.12,10.18,1465300
AES,20040715,10.29,10.34,10.16,10.19,1629600
AES,20040714,10.20,10.38,10.07,10.31,2692700
AES,20040713,10.00,10.23,9.98,10.21,2057700
AES,20040712,9.90,10.02,9.79,10.01,1568600
AES,20040709,9.89,9.97,9.85,9.93,1583900
AES,20040708,9.99,10.00,9.85,9.89,965300
AES,20040707,9.81,10.00,9.81,9.99,1070600
AES,20040706,9.88,9.90,9.73,9.81,1270300
AES,20040702,9.74,9.91,9.73,9.85,1838100
AES,20040701,9.87,9.98,9.66,9.73,2132500
AES,20040630,9.79,9.93,9.70,9.93,1935700
AES,20040629,10.00,10.06,9.84,9.86,1677200
AES,20040628,10.16,10.24,9.93,9.96,2353300
AES,20040625,9.98,10.15,9.93,10.15,6539100
AES,20040624,9.95,10.05,9.88,9.88,1771300
AES,20040623,9.98,10.04,9.93,9.94,1987600
AES,20040622,9.75,10.02,9.74,9.97,1856400
AES,20040621,9.82,9.92,9.74,9.79,2235000
AES,20040618,9.94,10.00,9.81,9.81,3721500
AES,20040617,9.52,9.96,9.51,9.93,4007200
AES,20040616,9.64,9.67,9.52,9.56,1412000
AES,20040615,9.33,9.72,9.33,9.60,3220400
AES,20040614,9.13,9.33,9.11,9.30,2048300
AES,20040610,9.40,9.43,9.18,9.23,1681500
AES,20040609,9.50,9.51,9.31,9.40,1813500
AES,20040608,9.52,9.52,9.37,9.47,1367900
AES,20040607,9.27,9.54,9.27,9.52,2073300
AES,20040604,9.06,9.34,9.06,9.27,1269000
AES,20040603,9.30,9.42,9.05,9.06,2635000
AES,20040602,9.26,9.58,9.23,9.34,3466200
AES,20040601,9.24,9.32,8.95,9.23,2733700
AES,20040528,9.19,9.49,9.11,9.34,8759900
AES,20040527,9.00,9.30,9.00,9.19,3786100
AES,20040526,9.00,9.04,8.86,9.01,2154800
AES,20040525,8.50,8.96,8.25,8.88,3357800
AES,20040524,8.18,8.56,8.18,8.50,3702100
AES,20040521,8.14,8.22,8.00,8.08,2600500
AES,20040520,7.93,8.23,7.93,8.15,3159300
AES,20040519,8.05,8.14,7.78,7.83,2085700
AES,20040518,8.00,8.16,7.85,7.88,1862300
AES,20040517,8.07,8.23,7.88,8.02,2236100
AES,20040514,8.22,8.30,8.10,8.23,1909500
AES,20040513,8.15,8.30,8.13,8.18,1785100
AES,20040512,8.27,8.28,7.90,8.11,1941700
AES,20040511,7.94,8.17,7.88,8.12,2065600
AES,20040510,8.15,8.24,7.90,7.99,2878300
AES,20040507,8.38,8.74,8.27,8.28,1876700
AES,20040506,8.87,8.93,8.50,8.68,2391900
AES,20040505,9.00,9.09,8.77,8.89,2664900
AES,20040504,9.00,9.09,8.90,9.05,2618200
AES,20040503,8.57,9.04,8.56,9.00,3456300
AES,20040430,8.50,8.82,8.45,8.67,2151900
AES,20040429,8.70,9.16,8.40,8.52,6017300
AES,20040428,8.00,8.58,7.91,8.58,5654000
AES,20040427,7.82,7.89,7.56,7.70,1898800
AES,20040426,7.87,7.92,7.68,7.76,1908300
AES,20040423,7.92,7.95,7.70,7.87,1549200
AES,20040422,7.74,7.96,7.70,7.93,1992900
AES,20040421,7.78,7.81,7.60,7.69,2048100
AES,20040420,7.90,8.01,7.75,7.77,2106900
AES,20040419,7.96,8.05,7.87,7.89,2430800
AES,20040416,8.05,8.10,7.95,8.04,2863400
AES,20040415,8.29,8.45,8.00,8.10,3722000
AES,20040414,8.27,8.45,8.15,8.39,1885500
AES,20040413,8.45,8.50,8.24,8.37,2906000
AES,20040412,8.56,8.56,8.24,8.50,3034600
AES,20040408,8.80,8.89,8.55,8.59,1361300
AES,20040407,8.80,8.83,8.57,8.80,1771700
AES,20040406,8.60,8.83,8.50,8.80,1924500
AES,20040405,8.57,8.71,8.48,8.70,1743900
AES,20040402,8.58,8.74,8.48,8.67,2437700
AES,20040401,8.63,8.64,8.42,8.48,2936000
AES,20040331,8.48,8.62,8.36,8.53,1481200
AES,20040330,8.24,8.55,8.18,8.51,1854000
AES,20040329,8.30,8.40,8.21,8.34,1727900
AES,20040326,8.25,8.38,8.21,8.25,1821700
AES,20040325,8.28,8.39,8.17,8.28,1762700
AES,20040324,8.15,8.33,8.03,8.22,2109400
AES,20040323,8.28,8.32,8.00,8.19,2189300
AES,20040322,8.31,8.40,8.20,8.29,1380300
AES,20040319,8.53,8.71,8.46,8.60,1535500
AES,20040318,8.70,8.76,8.52,8.67,1508900
AES,20040317,8.51,8.93,8.51,8.80,2582700
AES,20040316,8.10,8.41,8.09,8.41,2922500
AES,20040315,8.12,8.12,7.87,8.10,2758400
AES,20040312,7.95,8.12,7.90,8.10,1857600
AES,20040311,7.70,8.30,7.65,8.02,5182900
AES,20040310,8.51,8.60,8.12,8.16,2329700
AES,20040309,8.42,8.51,8.33,8.41,1534000
AES,20040308,8.65,8.75,8.53,8.56,1530700
AES,20040305,8.67,8.82,8.67,8.75,1314900
AES,20040304,8.77,8.85,8.65,8.82,1022200
AES,20040303,8.80,8.88,8.64,8.69,1524600
AES,20040302,8.96,9.00,8.76,8.86,1929300
AES,20040301,9.06,9.17,8.94,8.99,2523500
AES,20040227,8.00,9.18,8.00,9.06,3933700
AES,20040226,8.76,9.03,8.73,8.95,2189800
AES,20040225,8.57,8.99,8.51,8.96,1619600
AES,20040224,8.50,8.70,8.42,8.57,2932100
AES,20040223,9.10,9.10,8.82,8.86,2182800
AES,20040220,9.27,9.29,8.99,9.08,4116300
AES,20040219,9.24,9.31,9.19,9.23,3904000
AES,20040218,9.30,9.38,9.20,9.25,1659400
AES,20040217,9.19,9.35,9.16,9.23,1219600
AES,20040213,9.32,9.44,9.10,9.12,1713400
AES,20040212,9.25,9.55,9.25,9.40,1589400
AES,20040211,9.53,9.61,9.36,9.52,1998900
AES,20040210,9.65,9.73,9.47,9.62,3106000
AES,20040209,9.47,9.68,9.27,9.66,2153300
AES,20040206,9.08,9.52,8.96,9.47,2122200
AES,20040205,8.95,9.28,8.83,9.03,4006900
AES,20040204,9.50,9.51,8.81,8.97,4721600
AES,20040203,9.25,9.60,9.25,9.57,1461700
AES,20040202,9.70,9.87,9.22,9.44,4001200
AES,20040130,9.80,9.89,9.25,9.76,3142400
AES,20040129,10.43,10.50,9.29,9.62,6834800
AES,20040128,10.51,10.65,10.40,10.40,2485400
AES,20040127,10.66,10.85,10.51,10.57,2910200
AES,20040126,10.74,10.77,10.35,10.68,1430400
AES,20040123,10.75,10.77,10.55,10.68,1562100
AES,20040122,10.73,10.76,10.55,10.65,1462200
AES,20040121,10.45,10.74,10.33,10.71,2880300
AES,20040120,9.98,10.39,9.97,10.37,3123400
AES,20040116,9.91,10.02,9.91,9.98,3432700
AES,20040115,10.01,10.02,9.90,9.91,1830800
AES,20040114,10.00,10.08,9.95,10.00,1630500
AES,20040113,10.10,10.13,9.88,9.96,1841600
AES,20040112,10.04,10.20,10.01,10.08,1758200
AES,20040109,9.94,10.15,9.80,10.09,2762100
AES,20040108,10.05,10.11,9.81,9.98,2182700
AES,20040107,9.75,10.05,9.69,10.05,2577600
AES,20040106,9.71,9.73,9.60,9.73,2173700
AES,20040105,9.51,9.70,9.45,9.67,2338400
AES,20040102,9.44,9.50,9.35,9.48,1461800
AES,20031231,9.47,9.50,9.40,9.44,2192100
AES,20031230,9.32,9.50,9.30,9.50,3129200
AES,20031229,8.89,9.40,8.88,9.29,3100100
AES,20031226,8.91,9.00,8.89,8.92,368400
AES,20031224,8.97,9.05,8.86,8.88,1122700
AES,20031223,8.78,8.95,8.77,8.94,1723200
AES,20031222,8.79,8.85,8.60,8.78,1207100
AES,20031219,8.75,8.83,8.63,8.75,1963400
AES,20031218,8.58,8.80,8.53,8.75,2894200
AES,20031217,8.50,8.58,8.42,8.50,2181000
AES,20031216,8.41,8.51,8.31,8.50,2716800
AES,20031215,8.45,8.45,8.20,8.39,2424300
AES,20031212,7.88,8.24,7.88,8.21,1710400
AES,20031211,7.96,8.03,7.85,7.88,2087400
AES,20031210,8.05,8.09,7.80,7.91,2987400
AES,20031209,8.17,8.25,8.00,8.05,1816000
AES,20031208,8.08,8.17,8.04,8.12,1894600
AES,20031205,8.02,8.23,8.02,8.13,2034000
AES,20031204,8.13,8.42,7.80,8.07,4457700
AES,20031203,8.81,8.83,8.15,8.21,5263000
AES,20031202,9.05,9.05,8.80,8.80,2335800
AES,20031201,8.93,9.05,8.81,9.05,2024000
AES,20031128,8.78,8.89,8.75,8.87,747100
AES,20031126,8.65,8.79,8.64,8.75,1626900
AES,20031125,8.39,8.65,8.39,8.62,1697200
AES,20031124,8.25,8.53,8.21,8.39,1927900
AES,20031121,8.23,8.23,8.09,8.15,1534900
AES,20031120,8.31,8.37,8.00,8.20,2829000
AES,20031119,8.49,8.58,8.28,8.41,2753100
AES,20031118,8.65,8.85,8.45,8.47,1431200
AES,20031117,8.77,8.82,8.57,8.65,1921100
AES,20031114,9.04,9.05,8.87,8.92,1359800
AES,20031113,9.11,9.16,8.90,9.01,2417700
AES,20031112,8.90,9.11,8.83,9.06,2241000
AES,20031111,8.77,8.83,8.66,8.81,1558300
AES,20031110,9.02,9.07,8.69,8.71,1822200
AES,20031107,8.70,9.08,8.60,9.04,2630800
AES,20031106,8.86,8.90,8.60,8.63,3058400
AES,20031105,9.05,9.16,8.85,8.87,2252300
AES,20031104,8.84,9.19,8.79,9.07,3492700
AES,20031103,8.77,8.84,8.61,8.84,1866600
AES,20031031,8.97,8.97,8.53,8.75,2496800
AES,20031030,8.16,8.90,8.11,8.89,5245800
AES,20031029,8.10,8.15,8.02,8.13,1110700
AES,20031028,8.03,8.15,7.96,8.15,1416400
AES,20031027,8.16,8.25,7.94,7.99,955200
AES,20031024,7.90,8.15,7.87,8.14,1453700
AES,20031023,7.80,7.96,7.75,7.96,866900
AES,20031022,7.75,8.03,7.75,7.84,1727200
AES,20031021,8.12,8.22,8.04,8.04,1271300
AES,20031020,8.00,8.25,8.00,8.25,1103800
AES,20031017,8.25,8.28,7.98,8.03,1658600
AES,20031016,7.85,8.25,7.85,8.20,2198400
AES,20031015,8.13,8.20,7.84,7.90,1766600
AES,20031014,8.04,8.19,8.01,8.19,1354800
AES,20031013,7.83,8.08,7.83,8.07,2441000
AES,20031010,7.90,8.00,7.78,7.83,1266800
AES,20031009,7.95,8.07,7.90,7.91,1678600
AES,20031008,7.99,8.05,7.90,7.95,1496700
AES,20031007,7.75,7.97,7.63,7.97,2707400
AES,20031006,7.95,7.97,7.69,7.84,1867900
AES,20031003,7.70,7.99,7.65,7.94,3693900
AES,20031002,7.55,7.66,7.50,7.57,1134600
AES,20031001,7.43,7.60,7.42,7.58,2435300
AES,20030930,7.27,7.46,7.22,7.42,1863000
AES,20030929,7.50,7.53,7.21,7.37,2258600
AES,20030926,7.06,7.54,7.06,7.50,3615000
AES,20030925,7.12,7.51,7.12,7.15,4179800
AES,20030924,7.43,7.60,7.05,7.06,4393000
AES,20030923,7.46,7.64,7.39,7.50,1258100
AES,20030922,7.33,7.50,7.31,7.48,1216200
AES,20030919,7.43,7.54,7.33,7.48,2057600
AES,20030918,7.44,7.71,7.41,7.50,2600200
AES,20030917,7.28,7.66,7.28,7.42,3647500
AES,20030916,7.26,7.75,7.25,7.70,4872600
AES,20030915,7.13,7.27,7.10,7.26,1664800
AES,20030912,7.09,7.26,7.03,7.23,1720100
AES,20030911,6.95,7.14,6.92,7.09,2979600
AES,20030910,7.03,7.10,6.87,6.89,1678100
AES,20030909,7.37,7.38,7.04,7.05,3272800
AES,20030908,7.08,7.38,7.07,7.19,2127700
AES,20030905,6.92,7.12,6.84,7.10,2902900
AES,20030904,6.70,7.00,6.70,6.97,3597900
AES,20030903,6.62,6.80,6.55,6.69,1907500
AES,20030902,6.60,6.72,6.42,6.63,2495700
AES,20030829,6.28,6.49,6.28,6.48,1331000
AES,20030828,6.26,6.37,6.21,6.33,1915800
AES,20030827,6.22,6.39,6.15,6.33,1084600
AES,20030826,6.23,6.33,6.15,6.22,1714700
AES,20030825,6.40,6.48,6.23,6.29,1290900
AES,20030822,6.70,6.85,6.52,6.53,1699700
AES,20030821,6.49,6.69,6.38,6.61,2232700
AES,20030820,6.13,6.55,6.10,6.42,2419200
AES,20030819,6.16,6.21,6.00,6.13,1570300
AES,20030818,6.27,6.34,6.12,6.12,1144500
AES,20030815,6.33,6.37,6.11,6.26,670600
AES,20030814,6.40,6.40,6.20,6.34,1626600
AES,20030813,6.30,6.38,6.15,6.33,1399900
AES,20030812,6.07,6.26,6.07,6.25,1534000
AES,20030811,6.00,6.10,5.98,6.04,1159100
AES,20030808,5.94,6.11,5.90,6.04,1117500
AES,20030807,6.00,6.00,5.86,5.91,1997700
AES,20030806,6.02,6.12,5.84,6.00,2565100
AES,20030805,5.99,6.20,5.80,6.01,2413500
AES,20030804,6.00,6.03,5.50,5.98,4401900
AES,20030801,6.29,6.30,5.99,6.08,2062500
AES,20030731,6.35,6.45,6.22,6.29,2963900
AES,20030730,6.69,6.75,6.22,6.30,2673900
AES,20030729,6.72,6.82,6.58,6.59,1991400
AES,20030728,6.75,6.83,6.67,6.73,1721000
AES,20030725,6.95,6.99,6.71,6.85,1877200
AES,20030724,6.85,7.03,6.65,6.91,3299600
AES,20030723,6.95,6.95,6.64,6.68,1013100
AES,20030722,6.52,6.93,6.46,6.84,2244600
AES,20030721,6.80,6.82,6.50,6.51,2418200
AES,20030718,7.00,7.09,6.85,6.90,2052300
AES,20030717,6.90,6.97,6.84,6.92,2485600
AES,20030716,7.10,7.10,6.90,6.97,2498900
AES,20030715,7.05,7.13,6.76,7.05,2945600
AES,20030714,7.05,7.30,7.01,7.10,2711600
AES,20030711,7.05,7.13,7.00,7.05,2401400
AES,20030710,7.20,7.20,6.83,7.00,2671800
AES,20030709,7.17,7.37,7.12,7.25,2683200
AES,20030708,7.22,7.30,7.11,7.17,2288500
AES,20030707,7.40,7.47,7.22,7.28,3315800
AES,20030703,6.95,7.17,6.89,7.14,3803100
AES,20030702,6.57,6.97,6.47,6.95,7314300
AES,20030701,6.30,6.35,6.10,6.28,3524700
AES,20030630,6.41,6.58,6.33,6.35,4696100
AES,20030627,6.60,6.65,6.35,6.38,3979900
AES,20030626,6.65,6.80,6.51,6.59,4080700
AES,20030625,6.45,6.87,6.35,6.60,5477800
AES,20030624,6.58,6.67,6.00,6.35,5652000
AES,20030623,6.80,6.88,6.31,6.48,7542200
AES,20030620,7.32,7.32,6.55,6.93,17368900
AES,20030619,7.22,7.38,7.18,7.20,5874500
AES,20030618,7.03,7.38,7.00,7.15,16101700
AES,20030617,8.20,8.20,7.39,7.39,9245800
AES,20030616,8.07,8.20,7.96,8.20,2601400
AES,20030613,8.12,8.15,7.91,7.97,1554900
AES,20030612,7.97,8.16,7.91,8.05,1943800
AES,20030611,7.64,7.99,7.56,7.94,2871200
AES,20030610,8.00,8.14,7.57,7.67,3546600
AES,20030609,7.85,8.14,7.74,8.05,2396200
AES,20030606,8.45,8.49,7.72,7.83,3679700
AES,20030605,8.29,8.44,8.15,8.37,2321700
AES,20030604,8.05,8.38,7.99,8.30,2299100
AES,20030603,7.95,8.10,7.88,8.10,2952300
AES,20030602,8.01,8.10,8.00,8.10,3257600
AES,20030530,8.02,8.11,7.79,7.92,3630800
AES,20030529,7.64,8.02,7.64,7.93,3870400
AES,20030528,7.94,8.10,7.61,7.65,3080700
AES,20030527,7.23,7.94,7.21,7.93,4379100
AES,20030523,7.14,7.39,7.01,7.32,2939300
AES,20030522,6.73,7.24,6.71,7.04,2918400
AES,20030521,7.14,7.20,6.74,6.90,4253000
AES,20030520,7.34,7.54,7.20,7.38,3007100
AES,20030519,7.31,7.47,7.16,7.29,3277400
AES,20030516,6.95,7.50,6.85,7.39,5480400
AES,20030515,6.88,6.98,6.74,6.93,2813500
AES,20030514,6.88,6.94,6.65,6.79,2137200
AES,20030513,6.85,6.96,6.61,6.70,2857400
AES,20030512,6.56,6.96,6.45,6.95,3312300
AES,20030509,6.26,6.55,6.26,6.55,3035100
AES,20030508,6.18,6.25,5.95,6.24,2580700
AES,20030507,6.12,6.30,5.82,6.25,3490900
AES,20030506,6.37,6.49,6.01,6.17,4691600
AES,20030505,6.80,6.80,6.38,6.47,4558100
AES,20030502,6.10,6.90,6.00,6.89,8137700
AES,20030501,6.10,6.25,5.82,5.96,4522500
AES,20030430,5.99,6.18,5.70,6.01,4351500
AES,20030429,5.75,6.02,5.71,5.99,4761400
AES,20030428,5.55,5.70,5.46,5.66,3716400
AES,20030425,5.49,5.77,5.41,5.45,4278000
AES,20030424,4.99,5.40,4.92,5.38,3706600
AES,20030423,5.01,5.18,4.80,4.96,4255100
AES,20030422,4.60,5.00,4.53,5.00,3180100
AES,20030421,4.43,4.68,4.43,4.62,2293300
AES,20030417,4.48,4.51,4.46,4.46,2332000
AES,20030416,4.45,4.50,4.37,4.41,2463500
AES,20030415,4.48,4.60,4.31,4.45,2536400
AES,20030414,4.29,4.49,4.29,4.44,1997700
AES,20030411,4.37,4.48,4.29,4.29,1435300
AES,20030410,4.47,4.52,4.25,4.35,2219700
AES,20030409,4.65,4.82,4.35,4.46,2274300
AES,20030408,4.55,4.70,4.35,4.55,2493400
AES,20030407,4.98,5.10,4.71,4.78,5357200
AES,20030404,4.20,4.75,4.18,4.70,7532600
AES,20030403,3.91,4.08,3.51,4.00,2976100
AES,20030402,3.90,3.98,3.88,3.90,5386300
AES,20030401,3.77,3.81,3.68,3.75,2748900
AES,20030331,3.52,3.75,3.51,3.62,2226100
AES,20030328,3.60,3.67,3.52,3.62,1869500
AES,20030327,3.52,3.72,3.50,3.63,2096600
AES,20030326,3.68,3.80,3.48,3.57,4846400
AES,20030325,3.31,3.74,3.29,3.68,4503900
AES,20030324,3.27,3.32,3.16,3.28,1575200
AES,20030321,3.21,3.31,3.15,3.31,3628400
AES,20030320,3.25,3.31,3.18,3.22,2734500
AES,20030319,3.39,3.49,3.22,3.39,2108000
AES,20030318,3.18,3.37,3.14,3.37,2209500
AES,20030317,3.12,3.21,3.06,3.18,1616700
AES,20030314,3.22,3.27,3.06,3.12,1528200
AES,20030313,3.28,3.28,3.01,3.20,2569300
AES,20030312,3.18,3.19,2.91,3.04,2301400
AES,20030311,3.15,3.22,3.15,3.17,1506100
AES,20030310,3.25,3.31,3.17,3.18,998900
AES,20030307,3.22,3.30,3.21,3.23,1342200
AES,20030306,3.30,3.38,3.26,3.30,1974600
AES,20030305,3.29,3.30,3.22,3.30,1073800
AES,20030304,3.30,3.40,3.25,3.27,1137900
AES,20030303,3.42,3.48,3.36,3.38,1518600
AES,20030228,3.20,3.46,3.18,3.32,1869700
AES,20030227,3.21,3.30,3.15,3.16,1666600
AES,20030226,3.33,3.38,3.25,3.31,1652400
AES,20030225,3.17,3.43,3.17,3.23,1670800
AES,20030224,3.45,3.48,3.30,3.33,1637700
AES,20030221,3.40,3.44,3.20,3.41,1345100
AES,20030220,3.19,3.35,3.16,3.28,1738800
AES,20030219,3.14,3.27,3.11,3.12,1580900
AES,20030218,3.28,3.30,3.06,3.14,1887000
AES,20030214,3.32,3.50,3.15,3.20,3400500
AES,20030213,2.88,3.47,2.85,3.39,5702500
AES,20030212,3.00,3.05,2.78,2.83,1884700
AES,20030211,2.80,3.05,2.73,2.96,1829100
AES,20030210,3.00,3.06,2.63,2.72,2642600
AES,20030207,3.28,3.35,2.89,2.99,2425600
AES,20030206,3.08,3.30,3.01,3.26,1784100
AES,20030205,3.37,3.38,3.05,3.05,1577700
AES,20030204,3.30,3.35,3.21,3.29,1655900
AES,20030203,3.50,3.55,3.30,3.40,1984900
AES,20030131,3.53,3.63,3.40,3.47,4079100
AES,20030130,3.67,3.69,3.50,3.58,2568700
AES,20030129,3.35,3.71,3.31,3.61,2222400
AES,20030128,2.90,4.30,2.86,3.48,3714200
AES,20030127,3.22,3.41,3.03,3.15,2917800
AES,20030124,3.70,3.70,3.34,3.38,3115100
AES,20030123,3.65,3.85,3.50,3.72,2124600
AES,20030122,3.80,3.88,3.56,3.60,2343600
AES,20030121,4.00,4.02,3.77,3.96,2108200
AES,20030117,3.94,4.06,3.81,4.04,2600600
AES,20030116,3.93,4.10,3.91,4.00,6963100
AES,20030115,3.67,3.89,3.59,3.88,4145600
AES,20030114,3.48,3.74,3.45,3.68,4756800
AES,20030113,3.36,3.49,3.34,3.48,1928000
AES,20030110,3.45,3.49,3.32,3.36,4131400
AES,20030109,3.36,3.49,3.31,3.49,3416200
AES,20030108,3.28,3.56,3.28,3.35,3743000
AES,20030107,3.48,3.49,3.29,3.37,2721400
AES,20030106,3.48,3.50,3.30,3.45,2209600
AES,20030103,3.32,3.47,3.15,3.45,2663300
AES,20030102,3.06,3.24,2.85,3.24,3062200
AES,20021231,2.94,3.02,2.79,3.02,2940200
AES,20021230,2.98,3.00,2.85,2.95,1560700
AES,20021227,3.00,3.07,2.29,2.92,1350800
AES,20021226,3.00,3.05,2.91,3.03,1377200
AES,20021224,2.82,3.04,2.71,2.95,1097900
AES,20021223,3.00,3.05,2.61,2.82,3866800
AES,20021220,3.28,3.31,2.90,3.10,4429200
AES,20021219,3.66,3.66,3.17,3.28,3574100
AES,20021218,3.50,3.62,3.46,3.57,2707800
AES,20021217,3.59,3.60,3.33,3.47,3218800
AES,20021216,3.45,3.65,3.25,3.40,5152200
AES,20021213,3.31,3.99,3.22,3.25,9501700
AES,20021212,2.89,3.27,2.86,3.21,4336600
AES,20021211,2.99,3.21,2.82,2.98,3842300
AES,20021210,2.82,2.99,2.72,2.95,3908600
AES,20021209,2.43,2.82,2.30,2.72,3494800
AES,20021206,2.73,2.73,2.53,2.59,3203300
AES,20021205,3.10,3.14,2.70,2.75,4771800
AES,20021204,2.55,3.08,2.52,3.08,7705400
AES,20021203,2.54,2.89,2.40,2.75,5580900
AES,20021202,2.15,2.61,2.15,2.52,7095300
AES,20021129,2.33,2.45,2.01,2.12,7566400
AES,20021127,2.15,2.40,2.15,2.28,4640300
AES,20021126,2.48,3.20,2.00,2.11,6688500
AES,20021125,1.95,2.25,1.82,2.24,8041700
AES,20021122,1.60,1.90,1.55,1.77,5728400
AES,20021121,1.46,1.59,1.46,1.54,4717400
AES,20021120,1.31,1.45,1.31,1.41,3392500
AES,20021119,1.50,1.50,1.31,1.31,3327700
AES,20021118,1.55,1.61,1.45,1.51,2844700
AES,20021115,1.51,1.52,1.34,1.52,6812800
AES,20021114,1.57,1.67,1.51,1.54,2413000
AES,20021113,1.50,1.71,1.46,1.53,2611700
AES,20021112,1.59,1.70,1.55,1.56,2119400
AES,20021111,1.99,2.07,1.52,1.54,4149800
AES,20021108,1.92,2.09,1.90,1.99,1937300
AES,20021107,2.30,2.49,1.90,1.92,3986800
AES,20021106,2.05,2.32,2.03,2.29,2806300
AES,20021105,1.88,2.05,1.88,2.01,2429600
AES,20021104,2.08,2.27,1.73,1.85,3768500
AES,20021101,1.67,2.10,1.55,1.98,4456200
AES,20021031,1.35,1.77,1.29,1.77,5704700
AES,20021030,1.22,1.28,1.21,1.27,1701300
AES,20021029,1.18,1.26,1.15,1.24,2304700
AES,20021028,1.20,1.29,1.16,1.23,1959300
AES,20021025,1.20,1.33,1.18,1.18,2706400
AES,20021024,1.32,1.49,1.25,1.28,4366300
AES,20021023,1.30,1.34,1.21,1.34,2201500
AES,20021022,1.36,1.38,1.15,1.37,2950700
AES,20021021,1.30,1.47,1.25,1.36,3096600
AES,20021018,1.10,1.40,1.00,1.29,5025800
AES,20021017,1.00,1.09,0.92,1.05,8237900
AES,20021016,1.18,1.27,0.93,0.95,13289700
AES,20021015,1.43,1.45,1.16,1.19,4709200
AES,20021014,1.45,1.50,1.25,1.39,1797900
AES,20021011,1.22,1.50,1.22,1.44,2476000
AES,20021010,1.02,1.20,1.00,1.16,4242100
AES,20021009,1.35,1.35,1.02,1.10,6475200
AES,20021008,1.78,1.78,1.20,1.28,7673200
AES,20021007,1.85,1.94,1.69,1.73,4637600
AES,20021004,2.11,2.18,1.66,1.98,4957600
AES,20021003,2.70,2.83,2.00,2.09,4859200
AES,20021002,2.50,2.61,2.46,2.57,937600
AES,20021001,2.45,2.57,2.36,2.57,1931700
AES,20020930,2.36,2.52,2.30,2.51,1881000
AES,20020927,2.62,2.63,2.44,2.46,1748700
AES,20020926,2.40,2.67,2.37,2.62,2255700
AES,20020925,2.52,2.62,2.27,2.50,2518700
AES,20020924,2.58,2.58,2.35,2.42,1715500
AES,20020923,2.75,2.85,2.51,2.54,2382700
AES,20020920,2.76,2.95,2.68,2.92,3561100
AES,20020919,2.95,3.01,2.75,2.75,1293800
AES,20020918,3.06,3.06,2.83,3.03,1660500
AES,20020917,3.05,3.11,2.94,3.05,2088900
AES,20020916,3.11,3.20,2.94,2.95,1214400
AES,20020913,2.92,3.20,2.91,3.16,1479600
AES,20020912,3.10,3.30,3.06,3.07,2141000
AES,20020911,2.83,3.25,2.81,3.13,2002700
AES,20020910,2.66,2.99,2.61,2.82,2236100
AES,20020909,2.66,2.79,2.55,2.76,1412200
AES,20020906,2.85,2.90,2.74,2.76,1264400
AES,20020905,2.55,2.88,2.50,2.69,2412600
AES,20020904,2.65,2.79,2.53,2.57,1751700
AES,20020903,2.93,2.94,2.65,2.67,2266400
AES,20020830,3.19,3.23,3.02,3.02,1304700
AES,20020829,3.12,3.25,2.99,3.19,1511100
AES,20020828,3.05,3.19,2.85,3.12,2238500
AES,20020827,3.22,3.34,3.09,3.14,3052400
AES,20020826,3.30,3.50,3.02,3.16,3673300
AES,20020823,3.30,3.59,3.05,3.27,5794200
AES,20020822,2.50,3.30,2.47,3.15,9584900
AES,20020821,2.35,2.48,2.12,2.41,3123400
AES,20020820,2.12,2.34,2.10,2.20,3640300
AES,20020819,2.04,2.15,2.00,2.08,1530600
AES,20020816,1.99,2.09,1.93,2.04,1230200
AES,20020815,2.07,2.12,1.97,2.02,1876900
AES,20020814,2.05,2.14,2.01,2.09,1270400
AES,20020813,2.14,2.18,2.00,2.10,2206700
AES,20020812,2.25,2.25,2.05,2.14,1568600
AES,20020809,2.15,2.31,2.09,2.25,2515800
AES,20020808,2.19,2.19,1.88,2.09,4161700
AES,20020807,2.01,2.08,1.60,1.80,2603900
AES,20020806,2.09,2.29,1.95,1.96,3692900
AES,20020805,2.11,2.18,2.00,2.06,1576400
AES,20020802,2.22,2.25,1.99,2.15,2924100
AES,20020801,2.00,2.24,1.98,2.12,3639500
AES,20020731,2.02,2.19,1.90,2.05,3189300
AES,20020730,2.30,2.35,1.94,2.12,6054000
AES,20020729,1.65,2.32,1.63,2.20,6706500
AES,20020726,1.77,1.82,1.16,1.56,6435300
AES,20020725,2.25,2.65,1.62,1.77,6617900
AES,20020724,2.21,2.80,2.20,2.45,3765300
AES,20020723,2.95,2.95,2.23,2.24,4394600
AES,20020722,3.07,3.10,2.76,2.90,2337400
AES,20020719,2.69,3.14,2.60,3.03,3549400
AES,20020718,3.00,3.00,2.60,2.79,4608300
AES,20020717,3.20,3.40,2.50,3.10,9565500
AES,20020716,3.25,3.37,3.11,3.12,3894000
AES,20020715,3.34,3.41,3.10,3.25,3458300
AES,20020712,3.58,3.70,3.23,3.34,5478000
AES,20020711,3.82,3.95,3.53,3.54,3167600
AES,20020710,3.88,3.98,3.73,3.92,1933600
AES,20020709,4.00,4.13,3.78,3.78,2252400
AES,20020708,4.20,4.25,3.90,4.05,2057100
AES,20020705,4.10,4.20,4.07,4.14,1098100
AES,20020703,3.95,4.09,3.77,3.98,3538100
AES,20020702,4.55,4.60,3.95,4.00,3530800
AES,20020701,5.42,5.48,4.59,4.61,3211700
AES,20020628,4.88,5.50,4.85,5.42,7194600
AES,20020627,4.40,4.98,4.38,4.98,4475200
AES,20020626,3.76,4.42,3.62,4.31,4423000
AES,20020625,4.16,4.26,4.00,4.03,3335300
AES,20020624,4.59,4.60,3.84,4.13,4814200
AES,20020621,4.70,5.09,4.55,4.60,3614000
AES,20020620,5.30,5.38,4.81,4.84,3228300
AES,20020619,5.15,5.85,5.06,5.28,6569400
AES,20020618,5.04,5.20,4.99,5.02,2772300
AES,20020617,5.07,5.15,5.00,5.08,3133600
AES,20020614,4.76,5.00,4.50,4.97,3428100
AES,20020613,4.58,5.30,4.40,4.86,4616600
AES,20020612,3.64,4.69,3.64,4.58,8570400
AES,20020611,4.05,4.15,3.47,3.55,3822500
AES,20020610,4.00,4.18,3.98,4.00,4994800
AES,20020607,4.59,4.75,3.90,3.90,6492900
AES,20020606,5.25,5.38,4.29,4.49,4548400
AES,20020605,5.65,5.65,5.15,5.24,4393800
AES,20020604,5.87,6.10,5.56,5.65,2675600
AES,20020603,6.53,6.53,5.75,5.88,2088100
AES,20020531,6.37,6.62,6.23,6.55,1540500
AES,20020530,6.40,6.58,6.21,6.47,2150200
AES,20020529,6.70,6.74,6.51,6.51,1430900
AES,20020528,6.80,6.90,6.51,6.74,1567900
AES,20020524,6.68,6.79,6.38,6.63,1485700
AES,20020523,6.70,6.79,6.56,6.60,2257100
AES,20020522,6.65,6.70,6.34,6.70,1324300
AES,20020521,6.65,6.74,6.39,6.51,2411100
AES,20020520,6.40,6.64,6.10,6.50,3836900
AES,20020517,6.55,6.69,5.89,6.16,3358600
AES,20020516,7.00,7.14,6.55,6.55,1834700
AES,20020515,6.90,7.21,6.65,6.84,2922000
AES,20020514,6.91,7.13,6.80,7.00,2006100
AES,20020513,6.72,6.84,6.58,6.81,1790500
AES,20020510,7.29,7.50,6.50,6.72,3324100
AES,20020509,7.78,8.00,7.30,7.30,1780500
AES,20020508,7.68,7.85,7.44,7.80,1687200
AES,20020507,8.01,8.13,7.51,7.65,4158000
AES,20020506,8.28,8.28,7.95,8.00,3009500
AES,20020503,8.40,8.44,8.13,8.24,1741000
AES,20020502,8.45,8.50,8.19,8.50,2309600
AES,20020501,8.02,8.43,7.98,8.35,2593800
AES,20020430,7.95,8.18,7.95,8.02,2837400
AES,20020429,7.70,8.14,7.70,7.94,3858100
AES,20020426,8.00,8.20,7.61,7.62,3362600
AES,20020425,8.00,8.00,7.56,7.91,4857400
AES,20020424,7.79,7.79,7.29,7.29,2558900
AES,20020423,7.77,8.04,7.74,7.89,3128900
AES,20020422,7.45,7.73,7.20,7.48,2349200
AES,20020419,7.86,7.89,7.54,7.69,1534000
AES,20020418,7.95,8.09,7.77,7.85,2572200
AES,20020417,7.97,8.00,7.78,7.95,2532300
AES,20020416,7.64,7.89,7.61,7.78,3262600
AES,20020415,8.45,8.45,7.37,7.40,5738400
AES,20020412,8.50,8.74,8.40,8.50,2376600
AES,20020411,8.80,8.88,8.40,8.45,2833000
AES,20020410,8.77,8.97,8.66,8.80,2651200
AES,20020409,8.85,9.07,8.74,8.76,2223200
AES,20020408,9.17,9.17,8.85,8.87,2282300
AES,20020405,9.06,9.21,8.86,9.17,2320500
AES,20020404,9.00,9.15,8.82,9.06,7200100
AES,20020403,8.70,9.10,8.50,8.96,3429600
AES,20020402,9.00,9.05,8.80,8.80,2303100
AES,20020401,8.75,9.09,8.61,9.06,2350800
AES,20020328,9.26,9.36,8.90,9.00,6093400
AES,20020327,8.80,9.20,8.79,9.10,4582900
AES,20020326,8.60,8.95,8.55,8.80,6872800
AES,20020325,8.75,9.12,8.65,9.00,4330100
AES,20020322,9.09,9.19,8.61,8.75,7974600
AES,20020321,9.10,9.33,9.00,9.24,4823400
AES,20020320,8.90,9.44,8.70,9.10,5581200
AES,20020319,9.10,9.80,8.99,9.17,9042400
AES,20020318,7.86,8.80,7.86,8.80,6283300
AES,20020315,8.40,8.40,7.20,7.86,7871000
AES,20020314,8.50,8.80,8.30,8.40,4662200
AES,20020313,8.69,9.33,8.31,8.50,7791600
AES,20020312,8.76,9.65,8.20,8.79,12724600
AES,20020311,8.60,9.10,8.28,9.01,11768700
AES,20020308,7.49,8.88,7.40,8.29,13151300
AES,20020307,6.99,7.33,6.83,7.24,12890600
AES,20020306,6.09,7.00,6.00,6.40,19435500
AES,20020305,5.30,6.00,5.20,5.95,11948400
AES,20020304,5.00,5.44,5.00,5.15,10125400
AES,20020301,5.30,5.30,4.80,4.99,11620600
AES,20020228,4.99,5.24,4.75,5.16,6890300
AES,20020227,5.15,5.24,4.80,4.99,7627600
AES,20020226,4.98,5.42,4.75,5.01,12535500
AES,20020225,4.20,4.90,3.78,4.85,9816100
AES,20020222,3.71,4.31,3.40,4.13,15464400
AES,20020221,4.35,4.92,4.09,4.11,14883500
AES,20020220,5.00,5.10,3.90,4.25,25251800
AES,20020219,6.50,7.39,4.40,4.75,21070900
AES,20020215,9.00,9.11,5.85,7.00,29962400
AES,20020214,10.00,10.15,9.00,9.50,3801400
AES,20020213,10.15,10.20,9.99,10.01,2949700
AES,20020212,10.43,10.43,10.00,10.15,3034200
AES,20020211,10.00,10.45,9.95,10.43,4219400
AES,20020208,10.05,10.50,9.99,10.01,4409900
AES,20020207,9.95,10.38,9.89,10.28,6184600
AES,20020206,10.75,11.50,9.90,9.90,6658900
AES,20020205,11.60,11.98,11.07,11.52,5865800
AES,20020204,13.07,13.18,11.90,12.27,4242900
AES,20020201,13.35,13.45,13.12,13.30,4720800
AES,20020131,13.89,13.90,13.31,13.55,3558100
AES,20020130,14.42,14.57,13.39,13.85,4938800
AES,20020129,15.40,15.40,14.38,14.40,3018900
AES,20020128,15.38,15.70,14.99,15.08,1243900
AES,20020125,15.46,15.60,15.21,15.37,678800
AES,20020124,15.20,15.64,15.20,15.46,1065800
AES,20020123,15.55,15.73,15.12,15.15,2462200
AES,20020122,15.35,15.74,15.11,15.55,2167700
AES,20020118,15.45,15.66,15.35,15.50,2467200
AES,20020117,15.80,15.96,15.30,15.45,3069200
AES,20020116,16.03,16.45,15.95,16.05,1401800
AES,20020115,16.55,16.60,16.13,16.28,2317100
AES,20020114,16.60,16.70,16.08,16.27,2434300
AES,20020111,17.11,17.20,16.38,16.43,3255200
AES,20020110,16.65,17.58,16.65,17.20,3469200
AES,20020109,17.77,17.85,17.17,17.30,2056500
AES,20020108,17.84,17.92,17.51,17.77,2562900
AES,20020107,17.70,17.88,17.25,17.84,2455000
AES,20020104,16.65,17.50,16.56,17.45,3103000
AES,20020103,16.60,16.95,16.26,16.50,2781300
AES,20020102,15.50,16.79,15.50,16.79,2357100
AES,20011231,16.50,17.00,16.25,16.35,2677700
AES,20011228,16.30,16.89,16.16,16.62,2863200
AES,20011227,14.62,16.29,14.62,16.25,4098300
AES,20011226,14.60,15.10,14.51,14.90,1653400
AES,20011224,14.27,14.65,14.25,14.51,870600
AES,20011221,14.25,14.43,14.16,14.25,5682200
AES,20011220,14.65,14.98,14.35,14.62,2935900
AES,20011219,14.65,15.60,14.36,15.09,4711700
AES,20011218,14.21,14.95,14.13,14.69,3293400
AES,20011217,14.55,14.55,14.11,14.31,2349600
AES,20011214,14.20,14.73,14.03,14.55,3146900
AES,20011213,14.32,14.78,14.12,14.51,7599900
AES,20011212,13.99,14.57,13.38,14.39,8814200
AES,20011211,14.60,14.70,13.53,13.93,5460200
AES,20011210,15.00,15.01,14.50,14.75,6876200
AES,20011207,16.80,17.00,16.35,16.50,2808300
AES,20011206,16.98,17.04,16.50,16.78,1980300
AES,20011205,16.50,17.35,16.35,16.98,2772900
AES,20011204,16.00,16.62,15.77,16.61,1808400
AES,20011203,16.52,16.52,15.53,16.07,2694100
AES,20011130,16.52,16.75,16.10,16.52,2118300
AES,20011129,15.90,17.00,15.86,16.52,2189800
AES,20011128,16.55,16.78,16.00,16.07,5309300
AES,20011127,16.95,17.05,16.60,16.80,2682300
AES,20011126,17.19,17.35,16.84,17.17,2641500
AES,20011123,16.91,17.55,16.70,17.44,807500
AES,20011121,17.38,17.39,16.51,16.91,2165700
AES,20011120,17.35,17.80,17.05,17.38,4105900
AES,20011119,17.05,17.69,16.97,17.64,6223300
AES,20011116,16.00,17.49,15.78,16.95,8661600
AES,20011115,15.00,16.05,15.00,15.90,5818800
AES,20011114,14.81,15.17,14.65,14.94,3681000
AES,20011113,14.30,14.88,14.05,14.81,3666700
AES,20011112,13.80,14.25,13.50,14.12,2564000
AES,20011109,13.35,14.19,13.21,13.87,3978200
AES,20011108,13.03,13.37,12.95,13.08,5781400
AES,20011107,13.60,13.94,12.33,12.95,6545100
AES,20011106,13.89,13.89,12.91,13.46,2754800
AES,20011105,13.64,14.03,13.35,13.78,3609700
AES,20011102,13.95,13.99,13.36,13.54,1739900
AES,20011101,13.90,14.05,13.55,13.94,2166700
AES,20011031,14.05,14.08,13.40,13.85,2306200
AES,20011030,14.09,14.15,13.60,13.74,2484000
AES,20011029,14.40,14.48,13.96,14.07,2719200
AES,20011026,13.50,14.72,13.35,14.64,6247000
AES,20011025,12.95,13.36,12.75,13.11,4463200
AES,20011024,13.60,13.60,12.92,13.19,2569000
AES,20011023,14.05,14.15,13.25,13.46,2507000
AES,20011022,14.28,14.38,13.60,13.87,2217200
AES,20011019,13.80,14.53,13.19,14.32,3224100
AES,20011018,14.36,14.48,13.70,13.77,2398900
AES,20011017,14.60,14.84,14.16,14.36,3869400
AES,20011016,15.10,15.24,14.32,14.85,5061400
AES,20011015,15.03,15.10,14.75,14.87,5328100
AES,20011012,14.70,15.13,14.50,15.03,5593300
AES,20011011,13.89,15.23,13.85,14.72,10372600
AES,20011010,13.25,13.85,13.06,13.79,6100900
AES,20011009,13.30,13.42,12.86,13.15,4256100
AES,20011008,13.50,13.65,13.03,13.30,3941600
AES,20011005,13.55,13.90,13.05,13.63,5992300
AES,20011004,13.15,14.00,12.96,13.50,8090800
AES,20011003,12.25,13.15,12.00,13.10,8164600
AES,20011002,11.96,12.70,11.60,12.49,10258000
AES,20011001,12.45,12.54,11.61,11.98,11232200
AES,20010928,13.10,13.44,12.51,12.82,14313100
AES,20010927,12.38,13.40,12.35,13.22,20387900
AES,20010926,13.50,15.60,12.00,12.25,53040600
AES,20010925,25.42,25.50,23.19,24.25,12233500
AES,20010924,24.35,25.25,24.01,25.10,4435800
AES,20010921,23.50,24.50,23.47,24.25,4671100
AES,20010920,22.85,24.60,22.65,24.32,4931400
AES,20010919,24.80,25.20,22.00,23.16,7209400
AES,20010918,27.55,27.65,24.50,24.74,5554600
AES,20010917,26.50,27.98,26.42,27.50,4346300
AES,20010910,28.50,29.30,26.60,29.00,7102000
AES,20010907,30.40,30.50,29.20,29.58,3773700
AES,20010906,30.70,31.02,29.90,30.07,3057100
AES,20010905,32.00,32.50,30.00,30.73,5088400
AES,20010904,33.40,33.40,31.80,31.91,2365400
AES,20010831,32.70,33.45,32.70,33.12,3509600
AES,20010830,35.65,35.65,32.00,32.65,4868500
AES,20010829,35.85,36.34,35.35,35.59,1591700
AES,20010828,35.55,36.14,35.52,35.78,1645300
AES,20010827,35.50,35.69,34.97,35.63,1000300
AES,20010824,34.84,35.60,34.38,35.32,1639900
AES,20010823,34.14,34.90,34.10,34.84,1154700
AES,20010822,34.89,35.03,33.85,34.13,1504700
AES,20010821,34.35,34.50,33.76,34.49,2291000
AES,20010820,34.25,34.33,33.65,33.95,1315200
AES,20010817,34.25,34.60,33.77,34.07,1687300
AES,20010816,35.15,35.18,34.28,34.90,1607300
AES,20010815,34.97,36.00,34.20,35.28,1367800
AES,20010814,35.51,35.85,34.79,35.07,1399300
AES,20010813,35.80,36.11,35.40,35.54,1244300
AES,20010810,35.90,35.94,34.81,35.57,1669800
AES,20010809,35.70,35.95,35.35,35.58,3233800
AES,20010808,37.45,37.48,35.50,35.90,1938200
AES,20010807,37.77,38.74,37.60,37.99,1603500
AES,20010806,38.30,38.34,37.40,37.76,1735500
AES,20010803,38.75,39.01,38.12,38.97,1655200
AES,20010802,39.10,39.25,38.65,38.90,1907000
AES,20010801,38.00,39.10,38.00,38.88,2030300
AES,20010731,37.45,38.50,37.33,38.30,2589300
AES,20010730,37.30,37.60,35.90,37.58,2833100
AES,20010727,34.25,37.50,34.25,37.30,5395500
AES,20010726,34.75,35.40,33.63,34.10,5138100
AES,20010725,35.00,35.40,33.60,34.95,4657400
AES,20010724,35.00,35.60,34.75,35.00,4040500
AES,20010723,35.97,36.00,34.37,35.05,4218900
AES,20010720,36.85,37.28,35.55,35.72,1998200
AES,20010719,37.10,37.80,36.40,36.68,2327500
AES,20010718,38.05,38.05,36.00,36.43,3457900
AES,20010717,38.55,38.55,37.40,37.82,2332000
AES,20010716,38.35,39.37,37.84,37.99,3445500
AES,20010713,39.20,39.90,38.26,38.42,3068200
AES,20010712,41.75,41.76,39.13,39.19,3942400
AES,20010711,43.55,43.95,41.81,42.00,2325100
AES,20010710,43.25,44.50,43.15,43.40,1965500
AES,20010709,42.70,43.25,41.90,43.25,1853500
AES,20010706,42.07,42.62,41.70,42.45,1759800
AES,20010705,43.00,43.00,41.39,42.07,2404400
AES,20010703,44.25,44.28,42.85,43.00,1111900
AES,20010702,44.00,44.00,43.15,43.78,1583900
AES,20010629,44.50,44.50,42.60,43.05,3427100
AES,20010628,42.95,44.50,42.65,43.90,2990200
AES,20010627,41.80,42.70,41.40,42.28,1597600
AES,20010626,41.75,41.85,40.75,41.55,1354700
AES,20010625,41.31,41.68,41.13,41.50,1552100
AES,20010622,41.60,42.03,40.30,41.06,3133700
AES,20010621,42.00,42.00,40.08,41.56,3996500
AES,20010620,42.00,43.00,41.30,42.00,2392600
AES,20010619,42.75,42.94,41.61,42.00,2384100
AES,20010618,42.93,43.50,41.80,42.51,2167900
AES,20010615,40.50,43.01,40.50,42.93,3607500
AES,20010614,41.91,41.91,40.45,40.96,2307800
AES,20010613,42.92,43.17,41.65,41.91,2119300
AES,20010612,42.70,42.96,41.30,42.92,2487600
AES,20010611,42.00,42.64,41.17,42.50,2590000
AES,20010608,41.00,41.69,40.50,41.37,2130500
AES,20010607,42.48,42.85,39.95,40.35,5347900
AES,20010606,42.58,43.28,42.26,42.47,4446000
AES,20010605,44.30,44.40,42.11,42.54,4058700
AES,20010604,44.90,45.20,43.75,44.59,1760000
AES,20010601,45.00,45.46,44.27,44.93,2090800
AES,20010531,44.55,45.63,44.10,45.40,2287500
AES,20010530,45.15,46.00,44.09,44.56,1628300
AES,20010529,46.09,46.09,45.00,45.40,1518200
AES,20010525,46.91,46.95,45.60,45.85,2318500
AES,20010524,47.89,47.89,46.15,46.71,1481900
AES,20010523,48.20,48.43,47.50,47.64,2817100
AES,20010522,46.65,47.67,46.35,47.25,2944100
AES,20010521,45.75,46.69,45.00,46.06,2593000
AES,20010518,45.75,45.98,44.50,45.75,2735400
AES,20010517,42.45,45.20,42.41,45.20,6668900
AES,20010516,42.90,43.00,41.47,41.95,5785500
AES,20010515,43.00,43.40,42.00,42.30,4122300
AES,20010514,44.75,45.54,42.50,42.98,3532000
AES,20010511,43.75,44.55,42.75,44.29,3347100
AES,20010510,45.00,45.04,42.35,43.50,5081500
AES,20010509,46.22,46.45,44.49,44.81,3830800
AES,20010508,47.70,47.70,45.76,46.21,2794500
AES,20010507,48.50,49.40,47.60,47.75,1219000
AES,20010504,48.33,49.00,47.67,48.50,1627500
AES,20010503,48.75,48.95,47.83,48.33,2172500
AES,20010502,46.40,48.85,46.25,48.30,4138800
AES,20010501,47.92,48.34,44.85,45.25,3789100
AES,20010430,47.70,48.85,47.51,47.67,2011100
AES,20010427,47.30,47.96,46.85,47.45,2028700
AES,20010426,47.75,48.20,46.56,47.00,2845900
AES,20010425,48.45,48.49,47.02,48.00,1578700
AES,20010424,48.85,48.95,47.00,48.05,3566400
AES,20010423,50.00,50.00,48.00,48.65,2869700
AES,20010420,52.01,52.01,49.10,49.65,2531400
AES,20010419,51.45,52.25,50.66,52.00,2052800
AES,20010418,51.00,51.83,49.81,51.45,1980000
AES,20010417,49.42,50.05,49.05,50.05,1569200
AES,20010416,49.40,49.69,48.80,49.62,1774400
AES,20010412,48.70,49.75,46.88,49.40,1908000
AES,20010411,46.75,49.00,46.50,48.79,2244300
AES,20010410,47.25,48.60,46.40,46.86,2507600
AES,20010409,44.50,46.05,44.00,45.38,2251100
AES,20010406,43.95,45.50,40.50,43.97,6003500
AES,20010405,45.25,45.25,42.47,43.00,5495400
AES,20010404,47.60,47.84,43.75,44.05,4330700
AES,20010403,49.72,49.72,46.50,47.85,2709600
AES,20010402,49.96,50.65,48.87,49.72,2196100
AES,20010330,49.00,50.70,48.50,49.96,3384000
AES,20010329,49.40,50.14,47.43,49.04,3717400
AES,20010328,50.00,50.77,49.02,49.50,3564300
AES,20010327,47.75,49.60,47.32,49.60,6396100
AES,20010326,45.00,47.38,44.70,46.47,3942400
AES,20010323,43.90,44.65,42.75,43.98,5105700
AES,20010322,47.56,47.95,41.30,43.20,5104000
AES,20010321,48.35,48.98,47.55,47.55,2063000
AES,20010320,47.50,49.35,47.20,48.01,3491100
AES,20010319,47.51,47.90,46.60,46.65,2289400
AES,20010316,48.75,49.30,47.41,47.51,3965200
AES,20010315,49.50,50.30,49.25,49.64,2548600
AES,20010314,48.50,50.15,48.10,48.86,6291600
AES,20010313,53.30,53.30,49.00,49.26,3548600
AES,20010312,55.85,55.85,52.25,52.25,2295400
AES,20010309,59.02,59.02,54.90,55.85,4301500
AES,20010308,57.25,58.39,57.01,58.02,1882800
AES,20010307,57.02,57.75,56.62,57.00,1649300
AES,20010306,57.60,57.69,56.75,57.01,1367300
AES,20010305,56.75,57.27,56.24,56.60,1927700
AES,20010302,55.20,56.50,54.20,55.84,1581800
AES,20010301,54.10,54.88,53.35,54.65,2593600
AES,20010228,55.65,55.65,53.51,53.97,1193600
AES,20010227,55.30,56.40,53.82,55.01,1224700
AES,20010226,53.90,55.30,53.60,55.20,1749900
AES,20010223,55.95,55.96,53.50,53.60,3053800
AES,20010222,57.80,58.49,56.24,56.58,2553000
AES,20010221,58.59,60.15,58.35,58.36,2314200
AES,20010220,57.99,58.77,57.77,58.59,1433400
AES,20010216,57.30,58.18,57.25,57.98,1432500
AES,20010215,56.90,57.60,55.00,57.08,1937000
AES,20010214,57.19,57.33,56.53,56.88,1127400
AES,20010213,57.00,58.39,56.35,57.19,1339800
AES,20010212,59.58,59.58,55.00,56.75,2418400
AES,20010209,57.69,60.00,57.55,59.58,1392200
AES,20010208,57.12,58.88,57.02,57.69,1359300
AES,20010207,55.75,57.49,55.55,57.12,1990600
AES,20010206,57.75,57.75,54.75,55.30,2769200
AES,20010205,58.25,58.48,56.21,56.75,1433200
AES,20010202,56.75,58.45,56.66,58.00,1674100
AES,20010201,57.51,57.63,56.20,56.75,2398300
AES,20010131,57.50,57.95,55.61,57.63,7427700
AES,20010130,57.00,57.25,55.80,56.40,4119700
AES,20010129,58.94,59.96,58.60,59.70,1744700
AES,20010126,56.25,59.25,56.25,58.69,1966300
AES,20010125,56.25,57.50,55.31,56.12,1810700
AES,20010124,57.00,59.12,56.50,57.00,3362800
AES,20010123,54.19,56.81,54.19,56.50,2199200
AES,20010122,53.50,54.25,53.19,53.94,2269500
AES,20010119,52.69,54.19,51.62,53.19,2738700
AES,20010118,52.50,53.19,52.00,52.69,2386300
AES,20010117,51.06,53.19,50.94,51.69,2563300
AES,20010116,52.88,52.88,50.31,51.06,2768600
AES,20010112,51.50,52.81,49.56,52.62,2326100
AES,20010111,53.38,53.38,49.69,50.88,2293300
AES,20010110,53.31,53.81,50.69,52.38,2537900
AES,20010109,53.50,53.50,52.81,53.31,2160800
AES,20010108,52.25,52.81,51.44,52.50,1854300
AES,20010105,49.81,53.00,49.25,51.38,2533700
AES,20010104,50.00,50.44,45.88,49.81,6884200
AES,20010103,51.88,52.44,48.44,49.94,2873500
AES,20010102,55.62,55.62,51.56,51.75,1254200
AES,20001229,56.62,56.88,54.81,55.38,2252300
AES,20001228,55.94,56.44,54.75,56.12,2080900
AES,20001227,55.75,55.94,54.56,55.94,2007100
AES,20001226,53.12,55.88,52.88,55.81,1990600
AES,20001222,50.50,52.50,49.50,52.50,2829400
AES,20001221,52.00,52.31,50.06,50.50,3238700
AES,20001220,52.00,52.75,51.38,52.69,2610900
AES,20001219,52.50,54.19,52.44,53.00,2311100
AES,20001218,51.06,53.06,50.38,52.44,3124600
AES,20001215,49.00,50.25,46.81,49.94,3379000
AES,20001214,50.88,50.88,48.12,49.44,3156100
AES,20001213,50.00,51.88,49.62,51.44,2857900
AES,20001212,50.81,51.31,49.12,49.94,2457500
AES,20001211,49.00,51.38,49.00,50.81,3304600
AES,20001208,45.25,49.25,45.00,48.25,4159200
AES,20001207,47.88,48.81,45.00,45.50,4827900
AES,20001206,49.00,49.44,47.44,47.62,2789400
AES,20001205,49.06,49.69,47.38,48.50,4389900
AES,20001204,51.75,53.31,48.62,49.06,3918600
AES,20001201,52.75,52.75,51.62,51.69,1897900
AES,20001130,52.50,52.62,51.00,51.88,3171500
AES,20001129,55.88,56.44,55.06,55.44,1465000
AES,20001128,56.56,57.12,55.31,55.69,1582100
AES,20001127,56.12,56.88,56.06,56.56,1250300
AES,20001124,55.25,56.31,54.88,55.88,531700
AES,20001122,49.00,56.50,49.00,54.31,2814800
AES,20001121,57.25,57.81,53.00,53.75,2293900
AES,20001120,59.00,59.00,57.00,57.38,1239000
AES,20001117,57.50,59.25,56.75,59.00,2206300
AES,20001116,57.12,57.50,56.50,57.50,1985200
AES,20001115,56.31,57.44,54.94,57.00,2048600
AES,20001114,58.50,59.25,55.62,56.38,2573500
AES,20001113,60.00,60.12,57.44,58.50,2275900
AES,20001110,62.50,64.00,61.12,61.62,1245000
AES,20001109,63.56,63.88,60.62,62.44,1512900
AES,20001108,64.12,64.56,62.88,63.50,1196500
AES,20001107,62.81,64.50,62.81,64.19,1316100
AES,20001106,61.94,64.00,61.00,62.81,1366400
AES,20001103,60.88,62.25,57.81,61.25,1814400
AES,20001102,61.50,62.56,59.56,60.88,2117300
AES,20001101,57.75,60.81,57.50,60.69,2184300
AES,20001031,55.88,57.44,54.81,56.50,2418500
AES,20001030,54.31,56.31,53.50,55.88,1949100
AES,20001027,52.00,54.56,51.62,54.25,4841300
AES,20001026,51.38,52.25,49.88,51.00,3044600
AES,20001025,54.94,54.94,49.50,51.50,3085300
AES,20001024,55.88,57.75,54.50,54.94,2541200
AES,20001023,57.56,58.38,55.38,55.62,2364200
AES,20001020,55.94,58.00,55.50,57.44,3137300
AES,20001019,53.88,56.75,53.19,55.69,3729700
AES,20001018,57.50,58.19,52.12,54.12,4286100
AES,20001017,60.06,60.44,58.25,58.94,1387700
AES,20001016,59.00,61.00,58.50,59.06,2320400
AES,20001013,60.75,60.75,58.31,58.75,2685600
AES,20001012,65.62,65.88,60.00,60.25,3287800
AES,20001011,70.75,70.88,65.00,65.12,2477400
AES,20001010,67.38,69.75,66.50,69.31,2331300
AES,20001009,65.25,67.88,65.06,67.50,1419300
AES,20001006,65.62,66.44,64.12,64.75,2111800
AES,20001005,68.00,68.81,65.06,65.56,3000600
AES,20001004,70.25,71.38,66.00,67.25,2658500
AES,20001003,70.62,72.81,69.62,70.25,2909900
AES,20001002,68.69,71.75,67.56,70.62,2526500
AES,20000929,68.12,69.38,67.31,68.52,1276400
AES,20000928,68.50,68.56,66.75,68.38,2567500
AES,20000927,66.88,70.00,66.50,69.14,2665800
AES,20000926,65.44,67.00,65.19,66.81,2323900
AES,20000925,65.00,65.88,64.56,65.69,1462300
AES,20000922,62.38,65.25,62.38,65.12,1868300
AES,20000921,62.50,63.75,61.56,62.00,1197900
AES,20000920,63.12,63.38,61.50,62.50,1928400
AES,20000919,64.38,65.12,62.56,63.62,2759700
AES,20000918,67.75,67.88,64.19,64.48,1551400
AES,20000915,66.25,70.25,66.12,67.50,3383200
AES,20000914,66.00,66.31,64.88,65.94,1837500
AES,20000913,66.69,67.50,64.56,65.25,2346700
AES,20000912,64.75,65.88,63.75,65.69,1947400
AES,20000911,61.00,65.50,61.00,64.58,2345500
AES,20000908,61.50,61.69,59.62,61.03,2264100
AES,20000907,61.75,62.62,60.81,61.38,1532700
AES,20000906,63.00,63.25,60.25,61.75,3269300
AES,20000905,66.75,66.75,62.38,65.25,2423500
AES,20000901,63.75,67.02,63.64,67.00,1662300
AES,20000831,61.00,63.94,61.00,63.64,2561700
AES,20000830,60.50,63.00,59.88,61.62,3408900
AES,20000829,58.12,58.75,58.00,58.50,1325700
AES,20000828,57.25,59.31,57.19,58.94,1237200
AES,20000825,58.50,58.62,57.00,57.19,1999200
AES,20000824,59.00,59.06,57.50,58.75,1420200
AES,20000823,58.19,59.44,57.75,59.12,2105600
AES,20000822,57.88,58.50,57.06,57.56,1685400
AES,20000821,58.12,58.19,57.00,57.38,1588200
AES,20000818,58.50,59.75,58.31,58.75,1896100
AES,20000817,57.12,58.69,57.00,58.62,1903300
AES,20000816,57.00,57.00,55.75,56.08,1402300
AES,20000815,57.25,57.50,56.50,56.88,1718700
AES,20000814,55.62,59.69,55.31,58.75,2753100
AES,20000811,53.88,55.00,53.62,54.70,1119200
AES,20000810,55.12,55.19,53.19,53.83,1803600
AES,20000809,57.75,58.81,55.56,55.61,1709500
AES,20000808,56.50,57.94,55.75,57.75,2029500
AES,20000807,53.50,54.81,53.38,54.70,1772100
AES,20000804,52.69,53.38,51.25,52.81,1799800
AES,20000803,54.25,54.25,52.38,52.69,2000000
AES,20000802,55.44,55.81,53.94,54.44,2162600
AES,20000801,53.44,56.19,53.38,55.75,1982400
AES,20000731,51.25,54.44,51.25,53.44,2040300
AES,20000728,52.94,53.94,50.50,50.94,1455200
AES,20000727,52.75,53.44,52.00,52.69,2772200
AES,20000726,53.62,53.62,51.62,51.75,995300
AES,20000725,52.81,53.56,52.69,53.44,1540900
AES,20000724,52.25,52.38,51.69,52.38,1158400
AES,20000721,53.00,53.00,52.19,52.25,1111100
AES,20000720,50.94,53.00,50.94,52.88,1745200
AES,20000719,52.44,52.62,50.69,50.69,1199600
AES,20000718,53.75,53.75,51.25,52.44,1511800
AES,20000717,50.50,54.00,49.62,54.00,2377500
AES,20000714,52.12,52.69,49.25,50.38,2118400
AES,20000713,50.25,53.62,49.88,53.25,2704900
AES,20000712,49.94,51.25,49.81,50.50,2531900
AES,20000711,49.00,49.81,48.75,49.69,1398700
AES,20000710,48.06,49.81,48.06,49.25,2016200
AES,20000707,46.50,48.19,46.44,48.00,1742200
AES,20000706,46.19,47.50,46.06,46.19,1343200
AES,20000705,46.75,47.38,46.00,46.94,1399800
AES,20000703,45.25,47.00,45.12,47.00,337500
AES,20000630,44.50,45.94,44.38,45.62,1680100
AES,20000629,46.12,46.19,44.00,44.50,1323300
AES,20000628,45.00,46.56,44.69,46.48,1022500
AES,20000627,44.88,46.19,44.81,45.62,2312000
AES,20000626,41.50,46.25,41.19,46.06,2337500
AES,20000623,42.31,43.12,40.50,40.88,1900100
AES,20000622,44.25,44.50,42.00,42.25,2713300
AES,20000621,44.94,44.94,43.62,44.25,1575800
AES,20000620,45.88,46.88,44.81,44.88,1507600
AES,20000619,46.25,46.25,44.75,45.38,1219800
AES,20000616,45.50,46.44,44.31,46.25,1853400
AES,20000615,44.50,45.88,44.25,45.25,2302100
AES,20000614,47.00,47.31,43.56,43.69,4344900
AES,20000613,47.88,49.62,47.75,48.88,2833800
AES,20000612,48.00,48.31,46.75,47.81,2183600
AES,20000609,47.44,49.25,47.00,48.00,1360000
AES,20000608,46.25,47.81,46.12,47.19,2118800
AES,20000607,47.75,47.75,45.25,46.25,2550200
AES,20000606,43.88,45.44,43.75,45.00,2200000
AES,20000605,45.75,46.00,43.50,43.88,1445300
AES,20000602,44.75,46.38,44.69,46.00,2110200
AES,20000601,87.25,89.75,86.50,89.38,3092600
AES,20000531,86.25,87.62,85.81,87.25,2383400
AES,20000530,85.88,86.94,84.19,86.38,1661400
AES,20000526,84.50,86.81,84.38,85.94,1861200
AES,20000525,83.50,85.12,82.06,83.62,2499600
AES,20000524,83.69,83.94,80.25,81.94,3060400
AES,20000523,83.75,85.31,82.88,83.81,2600200
AES,20000522,82.81,83.50,81.31,83.50,2672800
AES,20000519,82.12,83.06,81.62,82.81,1976600
AES,20000518,82.56,82.88,81.56,82.50,1965400
AES,20000517,79.75,82.56,78.81,82.06,3170000
AES,20000516,81.62,81.69,80.00,80.69,2825400
AES,20000515,77.62,82.44,77.38,82.12,5610400
AES,20000512,75.38,78.75,75.38,78.25,14459200
AES,20000511,74.25,77.12,72.00,74.38,8446200
AES,20000510,78.38,78.38,73.44,73.62,5414600
AES,20000509,81.12,81.12,78.56,78.94,2772000
AES,20000508,84.50,84.50,80.31,81.19,4553600
AES,20000505,85.06,86.38,84.75,86.00,979000
AES,20000504,85.75,87.56,83.50,85.12,1943200
AES,20000503,85.00,86.00,83.62,85.56,1924800
AES,20000502,87.88,88.94,84.62,85.00,1535200
AES,20000501,90.88,92.50,86.25,87.88,2375400
AES,20000428,84.44,91.38,83.81,89.94,3207800
AES,20000427,84.75,84.75,82.38,84.44,911800
AES,20000426,83.19,86.19,83.06,85.50,2116200
AES,20000425,83.81,84.38,82.19,83.19,1448400
AES,20000424,86.00,87.12,83.06,83.81,2203000
AES,20000420,81.00,87.00,80.06,86.12,3653200
AES,20000419,78.25,79.44,77.75,79.44,1173800
AES,20000418,74.38,78.50,73.62,77.00,2028000
AES,20000417,74.50,75.00,71.19,74.31,1932200
AES,20000414,75.75,77.31,72.50,73.88,2072400
AES,20000413,76.75,77.25,75.56,76.44,1161400
AES,20000412,78.00,78.00,76.06,76.56,1491400
AES,20000411,79.31,79.31,76.38,78.00,1167200
AES,20000410,77.00,80.94,77.00,79.44,1569400
AES,20000407,76.25,77.62,75.06,77.00,972200
AES,20000406,75.62,77.00,75.00,75.62,1077600
AES,20000405,75.50,77.75,74.69,75.56,1507800
AES,20000404,77.88,80.38,71.12,74.31,2779400
AES,20000403,78.81,79.62,75.31,77.88,1643000
AES,20000331,79.62,80.81,77.44,78.75,2332400
AES,20000330,75.38,84.50,74.25,79.62,3232400
AES,20000329,72.00,76.69,72.00,75.38,1710600
AES,20000328,72.00,74.44,71.25,72.81,2158400
AES,20000327,76.00,76.88,74.06,74.31,1151000
AES,20000324,73.62,75.75,72.50,75.75,2296200
AES,20000323,73.19,75.25,73.06,73.81,2630800
AES,20000322,74.75,74.88,70.62,72.19,3595000
AES,20000321,76.50,76.50,74.50,74.62,1659600
AES,20000320,77.88,79.69,75.06,76.88,1934400
AES,20000317,80.00,80.06,74.75,77.88,3874200
AES,20000316,76.75,82.00,75.88,80.12,2875400
AES,20000315,71.62,74.75,71.06,74.38,2036800
AES,20000314,73.75,74.00,70.12,71.88,1799400
AES,20000313,71.75,74.00,70.31,73.00,2579200
AES,20000310,72.00,78.00,69.50,73.00,3729800
AES,20000309,79.75,79.75,74.75,75.56,2170800
AES,20000308,79.62,79.75,77.38,78.25,2753800
AES,20000307,82.12,83.25,79.38,79.62,2509400
AES,20000306,85.00,85.00,74.00,81.38,6996800
AES,20000303,87.75,88.50,86.00,86.94,2172400
AES,20000302,82.50,87.44,82.38,87.12,1947200
AES,20000301,83.81,84.38,80.88,81.94,1697600
AES,20000229,85.81,86.44,83.31,83.81,1580000
AES,20000228,84.75,85.81,84.50,85.81,1162800
AES,20000225,84.88,85.00,82.75,84.50,972400
AES,20000224,85.00,85.44,83.31,84.88,1634200
AES,20000223,85.50,85.50,82.00,84.19,1886200
AES,20000222,87.75,88.00,84.69,85.94,1125000
AES,20000218,88.00,89.00,87.38,88.00,1339200
AES,20000217,88.25,89.44,87.25,87.94,1082400
AES,20000216,86.12,89.38,85.75,88.19,1986000
AES,20000215,85.50,87.69,84.62,86.38,1828000
AES,20000214,82.00,85.69,81.38,85.50,1931800
AES,20000211,81.50,82.56,80.75,82.00,1046600
AES,20000210,85.00,85.75,82.38,82.88,1584600
AES,20000209,84.44,86.50,83.19,85.88,2093200
AES,20000208,81.25,85.88,80.75,84.44,3109200
AES,20000207,77.00,80.50,76.50,80.00,2595600
AES,20000204,80.38,80.50,72.62,75.25,4407600
AES,20000203,79.81,82.81,78.81,80.38,2607400
AES,20000202,80.69,81.38,77.50,79.31,1879600
AES,20000201,80.12,81.50,78.38,80.75,2032200
AES,20000131,78.00,80.94,77.06,80.12,1837400
AES,20000128,76.12,76.69,74.88,76.38,1270400
AES,20000127,73.50,77.56,73.44,75.88,2284800
AES,20000126,75.75,75.75,72.44,72.44,2922200
AES,20000125,80.00,80.56,75.88,76.00,2054600
AES,20000124,80.00,81.44,79.44,80.00,3477600
AES,20000121,78.50,80.00,78.12,80.00,1648800
AES,20000120,79.00,79.00,77.50,77.69,1469800
AES,20000119,78.00,79.38,77.62,78.38,2348000
AES,20000118,81.75,81.75,77.75,77.94,1874400
AES,20000114,81.00,83.38,80.62,83.25,2132600
AES,20000113,77.38,80.69,76.75,78.81,3322600
AES,20000112,76.00,78.94,76.00,77.50,2820000
AES,20000111,75.94,76.62,74.56,75.94,2610000
AES,20000110,72.50,75.94,72.50,75.56,3457800
AES,20000107,70.69,72.31,70.19,72.31,1449400
AES,20000106,70.62,71.62,70.00,70.94,1708400
AES,20000105,69.69,70.75,68.50,70.38,1569800
AES,20000104,71.88,71.94,69.25,69.62,1484800
AES,20000103,74.75,74.75,71.25,72.50,1334400
